0.054306163133020335,1.0,-0.1784584699619343,0.438569500103788,0.119439239369775,0.011015540343946344,-0.18677073469893007,-0.33831016460434177,-0.1741364270954205,-0.34882912776101327,-0.5883227521891348,-0.33916434140497853,-0.34785145893681263,-0.4146107712443304,-0.2262818752903104,-0.26347593494729454,-0.32077932604175247,-0.30750126106940084,-0.3782262565935303,-0.34196841424338675,-0.23204729750968975,-0.23432008237474716,-0.39765088456452014,-0.398099732284248,-0.20678846559118327,-0.4821863354053362,-0.2975156340159668,-0.2854085188402225,-0.11765836671572384,-0.15485644121917624,-0.46523020862397113,-0.0279406431292424,0.08951565894403782,0.09134262817948416,-0.4476922840964668,-0.3493781630744529,-0.3462746128466424,-0.3934502774712881,-0.08103496579120471,-0.33130486196952347,-0.2810327738274466,-0.4715870714473355,-0.055919657699968685,-0.4381575124214704,-0.07939815611699877,-0.3316959898074186,0.3758174207591709,0.3659542980605513,0.25065219818223744,0.3350569176376402,0.1093297539938704,-0.043454237509877994,0.13071872122963787,0.0640684681917415,0.03888873488285332,-0.09930492091154407,-0.047309679110107125,-0.0010958279831905437,0.21287027088059757,0.05517628598290044,0.09004278441851278,0.17860315165628057,0.07220121394524641,0.08333618919591586,0.3047941721491493,0.17084722367690128,-0.04161404725480032,0.12808280735887015,0.1292699717893311,0.10801104162655496,0.3386444031696486,-0.11002628872730676,-0.11961570027057788,0.17263707268018028,-0.11716579616692732,-0.02589953254778605,-0.2676171082072667,0.2057031837078601,0.004230346769296775,-0.024278275869929127,0.04534706838555148,0.3367467344057966,-0.09881355946858189,-0.0470516751622512,-0.17670302851886707,-0.024302990775291855,0.002784381043194302,0.16516248034946024,0.08930250671578084,0.2992632115998088,0.23744460015989083,0.1357129376621078,0.22395537198640927,-0.03382727587693813,0.1313163948009523,0.02272416590102991,-0.2814336441178604,-0.08117674013344589,-0.14152508739739586,-0.10444433065678987,-0.19761939052709543,0.02160836580986544,0.08327070065298138,0.8821064829312035,-0.03018026248434188,-0.12225938937264456,-0.41723855280547933,-0.39782772144073303,-0.2582144410837377,-0.45254414160314094,-0.5698584532384878,-0.10589297110674371,-0.5592699069475505,-0.42207654281190227,-0.435594292425272,-0.3779901230389347,-0.3385999596951704,-0.37272515359075864,-0.3678519388559093,-0.32489429438931805,-0.3047224389597243,-0.3714545150883636,-0.380222429021457,-0.43359966326219657,-0.23232167705267903,-0.49023907686206025,-0.39074768574576496,-0.43455770982811576,-0.48389683768049574,-0.2885094678007936,0.3703847495068016,-0.014946337686142584,0.17028755913812832,0.010195581954516223,0.08227113743572771,-0.05997483527135367,-0.4338199210534254,-0.4394993538496038,-0.3389113540307685,-0.457588543562816,0.06054856397350428,-0.4763604424269018,0.18948192792838864,-0.1976427672215199,-0.3189702065460556,-0.2739404552413543,-0.4182401238051009,-0.33661252105312495,-0.25338404300991485,-0.09943286373782083,0.42294242648717606,0.2748917927863314,0.3957312561007052,0.16453660749257387,0.14937750765402352,0.25609195714063326,-0.02675700194049657,0.21131035865303033,0.009918616046953824,0.0990317388357657,-0.07024481212444958,-0.04517988487659482,-0.018309584921570695,0.2906855837779787,0.13160309197686235,0.16504884199725897,0.2178169694467131,0.2527358112810736,0.28876014791971366,0.24207683497213836,-0.12707209838386832,0.3909326139790781,0.13238472842978763,0.3578985988953107,0.37341442813918185,0.3768914909461922,0.10287388619964229,0.44480744929222177,0.3768842704760195,0.23063951473697025,0.02782211282630116,0.021632556393044847,0.2101652763443765,0.20880561377160675,0.08101363339927185,-0.06213878980320196,0.30400905421212754,0.2942266015062198,0.33652504061157806,0.06627783485658084,-0.17427645684615087,0.16020167153866827,0.3436845754790183,0.053497378935603086,-0.2105036476351068,-0.03145163872941681,-0.12305846502405898,-0.017517665136184985,0.3073236850512144,-0.1784584699619343,1.0,0.5168643714336247,0.5479388161926617,0.6601936363562132,0.6148849890408016,0.741196120362655,0.4245288204342306,0.7644636023762799,0.4129951128899833,0.7450339359213718,-0.308580498711417,-0.024474132953954376,-0.14896096265581915,-0.1681949360236789,-0.03256953227082823,-0.1812412593396691,-0.20193509264457868,-0.17090623125077792,-0.32575108993298,-0.28960133215329614,-0.22566163913143608,-0.2948701290665108,-0.41776286502394966,-0.27613812923805686,-0.2795216846612033,-0.25606185063282416,0.17221709421308384,0.09938789584875947,-0.056117745454209216,0.43890234592051486,0.2583249048022228,0.18754762095430985,-0.13370262112365136,-0.03135021188809955,0.030393322888164567,0.1470995016263976,0.20265109809127513,-0.13180230498500287,-0.1425464576413306,-0.17330373808702057,-0.09939623476803587,0.18428543809062856,0.09266979624983059,-0.17208769775884938,-0.17309141578459808,-0.19630047519050403,0.028964290836826487,0.047847189272339045,-0.2753233211708141,-0.1820637213377012,-0.1901389605620337,-0.10439401429435317,-0.13578723020036684,-0.22771069229785756,-0.1043095528145514,-0.1131124500895762,-0.12726541856578347,-0.01960101704867217,0.12117470824974524,-0.10352242773042244,-0.18744672566296067,-0.09086799060009411,-0.08797296577269793,-0.12878980448020103,-0.266263276946632,-0.5074502669790744,-0.1405887480516325,-0.44233401621124013,-0.19518538238146527,0.1837430063781008,0.32287203536553766,0.003815862534139181,-0.37903323844785786,-0.0345234107036235,-0.3264354102237548,-0.25726277543529524,0.04997044053135812,-0.4167817528053823,-0.31788593977139934,-0.3500725237969496,-0.36445487127812815,-0.48278491162578896,-0.41128669144747826,-0.47854732773762326,-0.5402696542963312,-0.3833655669416276,-0.4444602065151594,-0.19993400021453372,-0.3365022546506209,-0.37703120145349134,-0.49687790764524337,-0.33372327110899613,-0.45847687509653023,0.11965790783155077,0.1754261393649234,0.13202959547765036,-0.4932956640389974,-0.18454141954712927,0.7237061623000731,0.3255235020062116,0.8170341561497014,-0.07941670217652606,0.4950806362905591,0.7348595448189441,0.6632208717828592,0.6295383610375862,0.8601104558451763,0.527731065169102,0.44632006750039993,0.5627928197228426,-0.06257122062651803,-0.03483406935397165,-0.24196805609888167,-0.1352161110672751,-0.13036115754758187,-0.17592648928294763,-0.11093331086108132,-0.1425950695775022,-0.09404682612190272,-0.2072985117348783,-0.1861710871631912,-0.2343426203131861,-0.4027620952778681,-0.2191378571300104,-0.22579117991152833,-0.20165101640246816,-0.27318120319912687,-0.3155331636921244,0.016206802261977182,0.01434685635564276,0.33202569744552407,0.35971401691797306,0.31362286784579085,0.2169659827161696,-0.17369640801361852,-0.09244453057132412,0.24708875304020336,-0.03489243923436665,0.12345895049219673,-0.12866157344163745,-0.14407066974818017,-0.1810134741509748,-0.2000771483838369,-0.15039951239986607,0.06749235931468722,-0.19759096915889593,0.12470020801290169,0.1515165094258895,0.051358180127400496,-0.1184225684412886,-0.038553879004882274,-0.03515120292008152,0.121462610154051,0.16409882434478298,-0.06205843385409104,-0.3935440335468181,-0.4599344283023348,-0.09410214002896544,-0.27854088510213626,-0.1506239567575929,0.20445145965174097,0.09231915108844328,-0.005401829269428929,-0.053015218575412845,0.18632130216307227,0.011219945577247908,0.014569343705174924,0.08644720764461847,-0.4272995776509845,-0.1629003594815867,-0.271493370900419,-0.11915383172226456,-0.29943506063617414,-0.11795620209548605,-0.34406930525909873,-0.11261061656093264,0.007253572742680829,0.034898190253503325,0.2095107752761549,0.15716883049345187,0.011046539132310894,-0.17175304138096548,0.0022707105204041417,-0.31109529473610287,-0.07499738163050668,-0.2120849413000833,-0.31629263156807425,-0.3614053686606876,-0.2964873740292988,-0.31849327951824224,-0.28059225378724706,0.28929679914917156,0.2840369887568393,0.5557324357643991,-0.4077856108180052,-0.5506481759068241,-0.4019244055685965,0.5168643714336247,1.0,0.5348166705995684,0.6287172979281277,0.27858609939460127,0.44120856188139423,0.2144471097415127,0.33159105463183713,-0.05060611000617344,0.45155754457836184,-0.25055267980969764,-0.09023112005322707,-0.03292050931769276,-0.0746232512544334,-0.013433757988985018,-0.13251643681693745,-0.18634835250392956,-0.1629089820877416,-0.47172625390486256,-0.3738321000598591,-0.34934098492030086,-0.423996735755264,-0.36052609907041594,-0.43482605580532974,-0.19710802952577527,-0.18819445737500373,-0.05685838399509363,-0.02462449255033806,-0.19597932747243096,0.36150180746533966,0.3435886756343441,0.2541014355904449,-0.2706096405419984,-0.172204392552413,-0.06819003931051619,0.06218638731255767,0.14989894022738293,-0.33768432680552296,-0.4154016415788,-0.36105169083371685,-0.17233029103096872,-0.032957537765484546,0.0018462428885926989,-0.24498927963063125,-0.062361202934291794,0.05186073706474256,0.02631960397984287,0.0956356791261909,-0.2741133410840246,-0.0985435456554424,-0.16633707645255155,-0.050907657109589645,-0.0409403499872449,-0.3629057558383032,-0.27438225895988166,-0.2616705382386407,-0.1236533594156735,-0.06480506362603962,0.17674192095099794,-0.18850341280166177,-0.15371174543897115,-0.13972929240361737,0.05360122784998653,-0.2238654886272536,-0.27582206188360303,-0.25795214968018176,-0.0637123626882823,-0.2966285746491252,-0.09049326118529544,-0.113189669768463,0.2382340205642296,-0.11321234340229708,-0.30679792265395406,-0.1378710978979223,-0.3226443926323206,-0.23592525379249168,-0.04768689702737571,-0.24889789695337508,-0.4152166320267528,-0.08259038101358512,-0.22617003191108104,-0.3231988251779386,-0.39838398517266127,-0.31120939339036835,-0.310493641273645,-0.15990772819536758,-0.1555305803034971,-0.1115547840997416,-0.09697500157135268,-0.1628578719413757,-0.1930116892687908,-0.28551054728713526,-0.19359431054003087,0.022055663656765995,-0.10084813526141578,0.022392853825435263,-0.2786719572611141,-0.2122076306815933,0.42536857658844496,0.22692632637765064,0.6199862579586651,0.5256570980561825,0.4838972872365426,0.5670518745368072,0.2704468074091759,0.223262509402964,0.4747082176018578,0.14375515014508,0.058196776272848506,0.4184448159949172,-0.3004628382022794,-0.1450833017308376,-0.29183157169263807,-0.1352523683167189,-0.1316501414458517,-0.17365964449492963,-0.08732733212183103,-0.1691080408786969,-0.026491300326343788,-0.20419933816887345,-0.2048882073363684,-0.3970064222222943,-0.384490431662984,-0.38358155104818975,-0.3945747852346669,-0.34661823994935825,-0.3721898314764178,-0.23913968726215792,0.04813642611736892,0.04963225999831919,0.29393079067017,0.23473501419437431,0.1804434695704936,0.21225612504890115,-0.37594798432696985,-0.29341214370810814,0.1366218610509466,-0.13061248770606307,0.19550681508243267,-0.35290078626665444,0.05471487335236385,-0.34455292916580205,-0.3769922001995093,-0.3325037912690133,-0.18102281685567692,-0.2280552405056641,-0.15057831169040367,0.08164736943086287,0.19196741822646307,-0.1620000237973342,0.08719926470312435,-0.026973878859648477,0.0447886841156476,0.09629327249349283,-0.09684833067152589,-0.2486126253799276,-0.27937067275412447,-0.29844780228209,-0.1091041861028702,-0.09942464629731863,0.016048500295987263,0.15894905510093493,-0.09165457983440041,-0.08854795636868003,0.16041847607581644,-0.006734082613645781,0.005135743166179366,-0.0664968060421257,-0.2699538552241488,0.013924414726991753,-0.07613569575940075,-0.05941985765926974,-0.14592661360771292,0.023888126463394856,-0.27696188457798926,0.025068004857229428,0.03620929180448582,-0.01983101397276565,-0.0073846252119209935,0.09066354928716924,-0.08363870708291525,-0.07172460946676447,-0.07433796461475278,-0.2972448718019223,0.04374231555251702,0.009917687201195811,-0.1173134499640938,-0.18448523007643525,-0.151547951655428,-0.0663343080990187,0.029460234146002285,0.26318256141270235,-0.048527533351327895,0.27059336682953217,-0.2750477692054849,-0.21988248875643532,-0.04254624707188814,0.5348166705995684,1.0,0.8185972144124452,0.6828896509699783,0.5186207535275552,0.19028924869679423,0.30549869734764207,0.09355782617410519,0.5902968623423548,-0.4338150090277946,-0.33612144955304146,-0.24978455312884731,-0.2781207408774852,-0.26000431771906374,-0.34119397109673094,-0.4156896694934353,-0.3738110875462944,-0.4894109533223466,-0.5523473926291035,-0.48198458057110016,-0.3248697677906574,-0.5556764660866003,-0.46468835333119846,-0.30850908785182446,-0.32191458159884767,0.07773611829172448,0.18398817549204885,0.1122534146244894,0.4641335480514732,0.3395914100871494,0.2502189022378579,-0.29405648385607885,-0.3502681431034593,-0.005031006040634607,-0.10598552353875795,0.206917710833844,-0.07226454516990183,-0.3309264200584377,-0.15522960006631817,-0.053749378153232,0.028710466728665264,-0.018745455783406872,-0.2615431443202887,-0.053258350218485455,0.10668785960712455,0.12736663392639033,0.039310334805153925,-0.38018230721829055,-0.5167923917391357,-0.4778605691975624,-0.3151214305391335,-0.437405545800472,-0.4625662851716378,-0.07901271185212262,-0.2179069765577329,-0.3072340150924645,-0.0936357678206742,0.1022810859205248,-0.21914454617804652,-0.30390747852528804,-0.2414362196384313,-0.13832860258156812,-0.10881390856902592,-0.3345022515078334,-0.3147605987687084,-0.050783295451256,-0.5312884775130651,-0.16443754742520358,0.17775196277950503,0.20985295962639075,0.0444726786538736,-0.248946749936894,-0.04562606282371344,-0.208139548707892,-0.03232191753610739,0.04720332838441736,-0.2771203384533484,-0.41640903618101194,-0.09759204584221173,-0.4182156398375424,-0.3753032846039822,-0.43420975302668147,-0.45306509278454166,-0.5120460401509895,-0.24114145287323452,-0.2474713024070736,-0.2526951948059512,-0.3759868148992768,-0.34044248774999325,-0.392409026913664,-0.4182022536155327,-0.5498377195899039,0.25164193051039485,0.17380650102550183,-0.14837617255787147,-0.6618525982053278,-0.1523877041137844,0.7715646045221463,0.6580610522323498,0.5300781203271462,0.23193034676705207,0.8213510976271334,0.791470965509941,0.41493252446847567,0.16950669125841536,0.44397755885704393,0.0642119007979374,0.1918817235628973,0.6951890415920057,-0.2894381843979103,-0.1822319275957651,-0.37394414043463786,-0.2815785067645235,-0.19006076550955553,-0.341388334386802,-0.28977281058508825,-0.17101480512652437,-0.2683400592761526,-0.4317517034294136,-0.370290851409474,-0.5966465494811094,-0.6353103443074757,-0.4188712320499521,-0.5188843370277457,-0.2134604749516774,-0.3501309557802302,-0.339034267409853,0.15049604454278748,0.38535553795059696,0.5435762530267011,0.47328082429575546,0.5332335954338674,0.4211498403121271,0.003805104388686368,-0.2674136715980374,0.2192374149708813,-0.179388270768736,0.31307459358428,-0.07870105556190544,0.1309671745364324,-0.4847744313101961,-0.4724778635501679,-0.014899288888690406,-0.09191683559534265,-0.3265857773373524,0.11100319472674824,0.10506826098993736,0.3145900522770058,0.029467459094687287,0.3699295835282584,0.08986134372134717,0.22252111674276448,0.20444785285107273,-0.3533558717758268,-0.2246696091052701,-0.3792148365383596,-0.06210446744816427,-0.42620549369934513,-0.4694645813856723,-0.1086151817825833,0.11545334423749747,0.07165147761668185,-0.13617478263530397,0.2646877631623328,0.2923646667345699,0.18198436338670249,-0.05547206088077708,-0.4260622211300735,0.1170431506259356,0.06722731904213404,-0.014731194352547964,-0.06128428941048456,0.19343414174090656,-0.1174232145405848,0.19327964657868005,0.1311953593525123,0.2032688285996092,0.3127950653389092,0.2752433747642259,0.13821615823066039,0.1289335641360733,0.07254687545872376,-0.028637452522539564,0.150725254035343,0.0332490894201626,0.032751537771436946,-0.21446040737001967,-0.36684024742369215,0.02649542731562856,-0.06652424294900514,0.6694101770517327,0.26158997302184694,0.6204088602692057,-0.5472171632236311,-0.5019311442010949,-0.2733213732412836,0.8185972144124452,1.0,0.5792000287119745,0.5785390171471454,0.2223163723813124,0.4292239819348596,0.2065322799372301,0.6999278868493565,-0.3156361732722808,-0.1453165464093572,-0.08035512433028227,-0.09994065067874387,-0.050219869116026175,-0.1536827408085469,-0.2299900052155437,-0.18697158143937231,-0.53586989739632,-0.5593658278366257,-0.4205897705409953,-0.3353922433328297,-0.5320605603315844,-0.4522860893483114,-0.19013903319029937,-0.1730608492794053,0.08300742548403486,0.2344257434524618,-0.005569992507047837,0.6338637391130105,0.5717910801524129,0.5122513677148898,-0.1800181384584383,-0.11373639717606768,0.20533754632371837,0.11462627494245944,0.2995005643539414,-0.16285752174175974,-0.3146952308784988,-0.1590995147397689,-0.00390814739485018,0.1278580038226269,0.044895587562500235,-0.1583968125724596,-0.07695980339617507,-0.03256946244284912,0.038182804010835375,0.02860144458892864,-0.38279122503996343,-0.40656616683597135,-0.41145589652464104,-0.2280655888144064,-0.3338241204229159,-0.4321208280711967,-0.10139804741708948,-0.1762641204151268,-0.14476849269742514,0.04341746479389481,0.25783656237538827,-0.18921591747497415,-0.37251639585183344,-0.10750465246181094,-0.15306823992832083,-0.18814963783023797,-0.38012419952534265,-0.44370799101076536,-0.20532498167020452,-0.542295856612276,-0.19957398591925268,0.13407719138722127,0.48773248257401486,-0.04793110581245255,-0.332592398196904,-0.09258264625781741,-0.30500873903437664,-0.18225056982165244,0.04900254768927782,-0.36427461542829487,-0.491309119453524,-0.24355219085171523,-0.47082177662094926,-0.4986664789833527,-0.5755245131598121,-0.5807428539759871,-0.5638886546273347,-0.4907787211172357,-0.4219354660304857,-0.32126109088187027,-0.31111052145527035,-0.46927860197003773,-0.5283714872315315,-0.5390178944641254,-0.508956602961638,0.2747993675914339,0.13794208686141388,-0.04902011290945607,-0.5688880082970348,-0.27450183150891155,0.6844508117018288,0.5367998355985649,0.6053251268231022,0.1515656387381967,0.7465257816862221,0.8888404520612176,0.44871627450143314,0.27740548565987416,0.571618843523974,0.19048634359727928,0.3045221490034594,0.7651211824103469,-0.22551230242993184,-0.046119482709763765,-0.24417344427448873,-0.1522500359352467,-0.05279563051506432,-0.17834712649887102,-0.12237632598848946,-0.05902950622572481,-0.0540548614583552,-0.2427841886661297,-0.2000094429312206,-0.513402127243668,-0.5794447412837962,-0.380613477333586,-0.46787443475895646,-0.2414709002270793,-0.3152018774195029,-0.21843515010363257,0.13241978093326195,0.25400696217487284,0.6256462027187546,0.5325114126407052,0.5025395283177092,0.5535869130821527,-0.08864753698369997,-0.17220368400985891,0.4055179565410661,-0.12804453048180628,0.3771721925318112,-0.17231548040083847,0.11533526394815524,-0.40392722531596353,-0.4495106504376278,-0.09676446288565196,-0.03456653093587014,-0.18384129695645213,0.16355618906081165,0.15373511934195397,0.2209633136046216,-0.07523650183184842,0.21673463662680395,-0.010597798764993867,0.12101304994441268,0.170205267201968,-0.3241950140237408,-0.33477800535044283,-0.4707182896793617,-0.22935251574320728,-0.3328695807540693,-0.34331149543859046,-0.08076058148249735,0.10005032633120152,0.04529376585864028,-0.05690035988843956,0.2791409935836059,0.2129362528455328,-0.006620898629490708,-0.13511264841235393,-0.5124566593159591,-0.052944810264056896,-0.11261202788221182,-0.07888589482027827,-0.2119500383697388,-0.046619949782387496,-0.29734690116512813,0.0043116284300098034,-0.016014235187015016,0.07968144069240284,0.25636215154994324,0.2049966796862806,0.017723841407338996,-0.09549908654282285,-0.08926330363426438,-0.20978697653708808,0.003687824979780356,-0.14835029642920416,-0.26939408952871585,-0.38422316491094893,-0.3865246881075284,-0.2289312826071085,-0.16542551915751139,0.5323770277593542,0.21128333987087225,0.5319640714213326,-0.5241214042720521,-0.503035620844131,-0.3178750438665584,0.5792000287119745,1.0,0.6621697328930519,0.43999842100733366,0.5310728571835202,0.35852489628668704,0.6513309954547116,-0.37685007822420413,-0.2369813484806196,-0.2513810351379849,-0.2728258389574173,-0.24302809542371645,-0.28945900814092,-0.3440293862257119,-0.33642871322486023,-0.22177398058663464,-0.2509162188309045,-0.24310332245212504,-0.12762638922089875,-0.24676239585583085,-0.2655772536813933,-0.2678021442771373,-0.28092468305538376,0.24127247329934473,0.12601074797220718,0.1642348345803011,0.46603691295144534,0.19695890637396343,0.08426194330744596,-0.14671898395208957,-0.20498419819109504,-0.037742615250012206,-0.09622930842754956,0.2783539020867302,0.12663060877675428,-0.0479097752252222,-0.03813956511641309,0.0673555265341326,0.1798394695111553,0.09851660746813821,-0.13857406696406202,-0.13916941367741073,-0.08560925864811075,0.16294619506503105,0.08190453905606093,-0.29062350389427094,-0.44332838394561774,-0.421894347262562,-0.15484897839195105,-0.22943648418771567,-0.2021243277951876,0.04470916091706333,-0.07512339264952923,-0.29006040044545334,-0.0749655541709944,0.1279415491116134,-0.09784591174398448,-0.18676622028651757,-0.12510655076859178,-0.061017507774401854,0.010036350090389771,-0.28607831324876254,-0.433994914292989,-0.004409229073657641,-0.48762513087312226,-0.2071589855886672,0.36204166353781786,0.12834983038866998,0.11472242995343553,-0.2274000309382796,0.05472247442247144,-0.19900449451329408,-0.07665097857659138,0.08191773476256246,-0.3299412467279605,-0.26252539591577795,-0.2089567295563236,-0.40029878288039367,-0.3720924826146962,-0.28443420173971934,-0.433529878240164,-0.5047428682657961,-0.30920654415887894,-0.31191059911630525,-0.23644933672117968,-0.4638549415795855,-0.3310846243413139,-0.42388969750866806,-0.35742183462601834,-0.5601969296542884,0.24709491958541727,0.31390259512617574,0.038055037875192085,-0.5016585317971384,0.08982203453919221,0.8031363971528996,0.42481388652501617,0.46260972673986456,-0.12372250211915375,0.5500494356645935,0.6797233838635547,0.6345697469692836,0.4243597286454036,0.6219716664498243,0.29774517138447704,0.39353871464993656,0.6010897291834545,-0.1491060717868386,-0.1110087514565152,-0.3040124558055643,-0.27330376234049863,-0.1990916380506588,-0.33651146689818867,-0.2528754702107039,-0.2019686256028299,-0.28737007105532286,-0.3349311563852894,-0.31419018808610344,-0.3358150284731229,-0.422713704359878,-0.24007951080918297,-0.22955181941242597,-0.09202043080744152,-0.1978201594896025,-0.30374655894272223,0.05196558277325521,0.28547282429153953,0.41025285650081217,0.47481917716073285,0.4468929926860057,0.2200438598435523,0.04978446795534706,-0.18538968801291789,0.18836223981795047,-0.13855096252889984,0.18567277260955883,0.025841472993346146,0.09734702128273949,-0.246492565993734,-0.10945271093739047,0.07473711673302048,0.06256259060157855,-0.27150339448439126,0.1413824051402184,0.0918499118766296,0.12253026101572788,0.0561636275403003,0.15728909381292797,0.06621646416453801,0.2523147027702249,0.2069568851390693,-0.31749843554044305,-0.29296783431952644,-0.3565603177983243,0.053012784387961344,-0.3728902531995376,-0.2539410986723432,0.11067725297326449,0.03801118378238984,0.05815789957633195,-0.17990921891658684,0.23911608159360087,0.25019157866525576,0.2168010488690068,0.1557749518993125,-0.3496795881247214,-9.617886166612387e-05,-0.0941193170973134,-0.13727165838228556,-0.12215758954374932,0.14817577506726687,-0.19070259962742017,0.07929769117024221,0.0663137540799104,0.20082489712909896,0.40191697343823,0.3427097738905356,0.1571359423859597,0.04091972490161159,0.1909783164526161,0.018227866598415927,0.108867370419125,-0.022134233420344353,-0.08520863644235706,-0.21303780817619208,-0.3023588177760476,-0.1004386749754224,-0.15520180984196744,0.5760819911595373,0.3801974059537905,0.7217351624364061,-0.33223876579322725,-0.42629312881138953,-0.2505324696330459,0.662169732893052,1.0,0.3953689907567396,0.8001918124869667,0.6619423177386408,0.8663605012753002,-0.017708608218513788,0.16624702036838804,0.1512504556732812,0.12883138207206407,0.14657065331925168,0.0999024752082994,-0.006233707137651616,0.04123577705865616,-0.26998988806976,-0.20609066744959367,-0.07409777276932697,0.07061248818692362,-0.2473199852451665,0.028007448208087746,0.08554428809202305,0.07325078555435564,0.042985301287772816,0.11581345905463472,0.2843248900838287,0.3567089071715828,0.26220645382533975,0.07837831277757841,0.13975824287612543,-0.0032346498125200036,0.1794491734193379,0.18961513086143625,0.38394466313115216,0.16534618987368813,-0.09920968146510745,0.12270240428614866,0.10524524163614148,0.3028193296832484,0.1579910438469981,0.10752741767107953,-0.3287202130878389,-0.18679959212956576,-0.051845554012718106,-0.18482346957755028,-0.41662756062075296,-0.314153259755764,-0.37197638531573457,-0.22005950335706773,-0.26263245233565574,-0.21222932742140072,-0.1803091740782488,-0.3692717970165976,-0.4064323057670898,-0.21505444153710512,0.15262782110262754,-0.31990279828712326,-0.34069618252791767,-0.18906065404234407,-0.3510706597008439,-0.2931721303480891,-0.3779657124196725,-0.5191444519590566,-0.29572932938740154,-0.5380521688840281,-0.3271518855738566,0.04124689608309266,0.15833787534669974,-0.28124396621599945,-0.36481478620075247,-0.17173773626594713,-0.30340476607385225,-0.5056298308990458,-0.2254009819247628,-0.33054507929178756,-0.5722306883668982,-0.380428826756054,-0.33930193834476985,-0.40187443916156246,-0.34493609210863374,-0.4919866046443529,-0.5204200646095339,-0.3312431761278325,-0.3686670515973327,-0.4977289139639472,-0.42411981550405525,-0.34856390493143224,-0.4804228944192847,-0.4192282009484858,-0.467379612271812,-0.0071507837927549415,0.144261787718141,-0.113337671435269,-0.3784964588300812,-0.14614685674486255,0.8205425718938076,0.3096044210058373,0.6176392174139087,-0.22159216412271693,0.5567519407862175,0.7122286364375591,0.9007725036347322,0.6214808179407078,0.817058231947892,0.6097762387424434,0.7232977255581657,0.691358875187298,0.1909207458207554,0.27837094541447777,0.01698682116234501,0.13404014063813055,0.1239874115842078,0.07406368095914657,0.11205363174902304,0.13962022967823695,0.05375697030398002,0.0038770718170234226,0.025290425407492396,-0.12108231228511045,-0.3369379280403186,-0.04175077544312546,-0.0700141042941537,0.17202583964728696,0.07017561545505716,0.04426032236261782,-0.1428074288358686,0.3109400016196155,0.1818894082704096,0.35428863580153697,0.353328401571568,0.35405060069417926,0.22371835452875785,0.107987779151776,0.3668243329794521,0.14800908946246483,0.2927218541105221,0.2033253703823134,-0.008030537209208703,-0.31739214249796865,-0.2064010307407904,0.08471736553265377,0.19855955466189237,0.03721177460911364,0.03399239371371487,0.2523116679146228,-0.043523434348285504,-0.2714530816033112,-0.038318310165670846,-0.11904014948411026,0.011098139696065828,-0.07712464727928035,-0.302828885350227,-0.451865941983704,-0.36883073789303256,-0.38590403399268536,-0.21953568224357745,-0.17944018342449905,0.11927372391413504,-0.07997107129001944,-0.1916330962040141,-0.18175081270720783,0.1447295981396325,0.056047835119673046,-0.17566755453072772,-0.18991949454576584,-0.34357567725460336,-0.305028935552029,-0.24129856995254145,-0.3747215944367676,-0.4348293058040917,-0.21210089470373905,-0.4065749600785937,-0.2120048494000232,-0.23099798179185296,-0.1549810127784232,0.053000666580966256,0.03935200725503286,-0.2558780453699049,-0.22907750221984977,-0.08752954706212766,-0.3381317329580894,-0.18380116176247727,-0.22382181464557463,-0.3080764710487731,-0.3610513397373584,-0.21447904105994528,-0.1631612181564828,-0.29692170708169296,0.33528387969360063,0.19536872690411652,0.4154429080065563,-0.350866067332717,-0.3826153150252428,-0.33703042740461886,0.3953689907567396,1.0,0.5826695678473296,0.3045190828585839,0.3870848787956907,-0.02958046195272256,0.16179956900657697,0.018085341229306492,0.006826715703496849,0.12086150090405356,0.0075349066791469315,0.06621469934748746,0.033038066801841064,-0.06813534070620131,0.14706746244714833,0.15993403177930157,-0.011396567219954133,0.1266612799122845,0.00844731494969935,-0.003645025210359405,-0.03566756003247898,0.3214157692593303,0.26821587161272964,0.10080301050558493,0.2768346737741282,0.1403372167727008,0.0879362567822373,0.07904025216971763,0.12820090463334777,0.07412768416056557,0.2022071186862832,0.17599276108066775,-0.0044727412605641975,0.14573716132036396,-0.06445100536116234,-0.13131005864146436,0.390429318389016,-0.0028459716154075262,-0.012381577394681252,-0.24511097547766075,-0.35675653950908925,-0.04475517684658008,-0.09404515733011116,-0.1466736428105808,-0.1806972807819144,-0.13026171299162112,0.06690335614961691,0.028809613932828552,-0.03290493166036677,0.10887006382322512,0.0395808420005305,-0.06399006288932789,0.038104962124730954,0.0932583341344103,-0.08231672054668483,0.078118133475041,0.09265671256972824,-0.08288324166130921,-0.07759340846365623,-0.10930588173230116,-0.33816682866646564,-0.0842441278484928,-0.1979435134760349,-0.3100403298617162,0.15888262220618418,0.1504515613946832,-0.0751186715428414,-0.124617676393001,0.05671303722920724,-0.08461277546916718,-0.1705950624136701,0.14374643687993632,-0.32920067215173204,-0.14227704776657282,-0.34101017527726407,-0.16707206575626996,-0.2180073681634968,-0.056960494483685134,-0.20438639717007123,-0.22428793775359265,-0.2823373625430972,-0.3183182154490307,-0.19609066010024104,-0.35504943020557544,-0.20582812526682628,-0.4109611858144424,-0.0777897979666338,-0.2750561840359192,0.11580765992948729,0.22609504388142487,0.25139011523529486,-0.09394854274895759,0.23263441909001945,0.36150480854406647,0.14463294176058164,0.37015225032788895,-0.19754966394527249,0.13875555965110487,0.2585824723485222,0.39311618706194,0.6865854598962142,0.5150634150209762,0.49374731047457054,0.2833117996521613,0.2135284216060785,0.0005678001136920208,0.07532574655896881,-0.005238713692545124,0.0638409645671282,0.10782529945944608,-0.0012823342371843136,0.04744513244149676,-0.014742027240471457,0.11974752281519575,0.03606503553162011,0.054404705496440005,0.15366056652359444,0.07579869210841918,0.1265591288572059,0.17519305371829771,0.06765108817440166,0.10342289870794805,-0.04194826647221458,-0.01486882258210492,-0.04067289350097556,0.1022952418677169,0.14969589490886917,0.17152466148391468,0.091797437921111,-0.05141424998230178,-0.05651577141978887,0.23376908205420524,0.14262702997933527,0.08702287388005454,-0.014851799380040089,-0.22184819291621208,-0.14948139142191427,0.17996074437519613,-0.13511931271724875,0.10646490495876308,0.03410341809997025,0.24533187760268224,0.02507635403368534,-0.2395969195455976,-0.1420165440145531,-0.26803961349641486,-0.04376880113074617,0.08420071078695619,-0.04948693426434125,-0.023435361373378927,-0.2725884385281658,-0.24962358339875024,0.006075995372467413,0.01570837520171446,-0.049758489263736765,0.22037333710320153,0.200577342027044,0.03917724819427052,-0.09665868745636173,0.10366336970753696,-0.04613935987699844,0.0821560858401172,0.1797235802415897,-0.07604138345921571,-0.13339622199570245,-0.16460196322733078,-0.27879463152948325,-0.29397201942181367,-0.1453933505385119,-0.3584785041652181,-0.2785501728446295,-0.2043674743543447,0.03625596315823566,0.17428293307929854,0.26756223312808686,-0.04785405216194368,-0.1150670403901307,0.05348671017630512,0.008840656880455067,-0.1986792063605863,-0.2821716725018368,-0.2979712907881214,-0.12549218328968115,-0.015858246787918386,-0.1878242257441132,-0.25889379290225184,0.20402658983254388,0.2315084353244692,0.30616423143181454,-0.0904254826685753,-0.12289362185700756,-0.09294359105065093,0.5826695678473296,1.0,0.7394225154078685,0.7946691205341486,0.08184534918843796,0.3140722054555215,0.19877889875734403,0.17738106988875724,0.2813441281174432,0.1862610230375412,0.1336700922774922,0.160225542292402,-0.148797949710787,-0.05186693431428998,0.061439130450795416,0.020703804204177566,-0.17602757292829369,0.06192463568285206,0.0687960465062607,0.09822119213538137,0.11720654497518145,0.08436867042285982,0.2538036331263567,0.2769152283373046,0.2460050812261954,0.07676613267044176,0.13093080855220154,0.11629704871253986,0.23032228737991223,0.3541761776419083,0.4064377776981968,0.04665836070638386,0.06309295470129644,0.06628996585799128,-0.023020241722961243,0.44336210773639245,0.2560731609776015,0.1740600281516181,-0.32379590489374555,-0.27414633793977145,0.006461249099573982,-0.027162148305172183,-0.32389393043703507,-0.16673445583012284,-0.1742359299366958,0.005517127049132473,-0.06613636024610868,-0.06316780688383734,-0.1795930824013091,-0.3104117637228993,-0.27630029606650186,-0.1568149800012457,0.14189112630837009,-0.25636544974088227,-0.30313858420698647,-0.17090326306291095,-0.2816297947214257,-0.1771835441892931,-0.3176442594345163,-0.514813626155224,-0.3217619298473254,-0.42114006579423935,-0.23380527603136544,0.015204769714448249,0.2131320920793244,-0.1857242722835379,-0.37812493933658775,-0.17048578481556134,-0.28037288036809094,-0.4101537814967178,-0.12950625264887639,-0.33061948698044835,-0.3917914489882247,-0.3833703139959185,-0.24646575171181767,-0.39402900664230306,-0.283265776625757,-0.46551268143602725,-0.42689288511114815,-0.37163621179105766,-0.4154673301369082,-0.3838741311085531,-0.29075673093604715,-0.28882656044821825,-0.45725142682979814,-0.39436944538453617,-0.3661125934003312,-0.06892035885133563,0.08339193010060643,0.07139673807507467,-0.23552986213768992,-0.1439324239242665,0.6450351867171095,0.18932740433756495,0.6417027734537384,-0.2575352333081152,0.38067694670117735,0.5426530073036333,0.7808677950232426,0.8309570364478661,0.8953944574523229,0.8465175799426499,0.7459712880918715,0.5289853678904094,0.2653835726434029,0.342429574823528,0.08970072714176734,0.1965857910295332,0.21218941621230755,0.16310830567010964,0.20583972935230072,0.1271372836618533,0.18372260114317523,0.14132937297442133,0.15786545381601813,0.049970563706053066,-0.1868800990498558,0.06462369175665914,0.08041977161359262,0.16645957076375856,0.10875978782050644,0.04372425562377701,-0.18732766233309053,0.12289341210316188,0.060846813019938106,0.23237353406042136,0.21019313394027395,0.23693438862800037,0.0822948430095128,0.14829814296496965,0.3524303291980238,0.21294726035736727,0.2942009189101432,0.06354485587332008,-0.08954464346577164,-0.11078939730972684,-0.05105771501498688,-0.02406187620353916,0.2860065355378018,0.1718904534437914,0.1403522444274784,0.2955811674614007,-0.13035924109767935,-0.3434237702077602,-0.17564019208843107,-0.0756835207061449,-0.010261772929117244,-0.010337871324564712,-0.15072428203440627,-0.4473835140705028,-0.3910349993175599,-0.2715058417608519,-0.05722198126368906,-0.012112856382968296,0.3668921554617456,0.031598568372594865,-0.28324656101251666,-0.17474133658288743,0.07278475608742882,-0.08390830045442484,-0.26402083805371335,-0.009887329097578204,-0.30715013562463506,-0.4283225695700444,-0.40250518836834015,-0.3708789489966065,-0.5009642499140223,-0.3914375965210388,-0.4670270890426181,-0.3315220638060839,-0.2633519768860228,-0.2342653198821746,-0.001178310444091465,-0.01304215607227298,-0.18415518385257845,-0.34508144151820086,-0.1621623696375007,-0.3767979479017252,-0.2667710087293387,-0.29965803561175275,-0.4242590330519964,-0.39351705527391834,-0.1569737530024274,-0.33586218827080166,-0.40800382699392473,0.09028224022475577,0.1300172786794009,0.41614377823125337,-0.22993586619470177,-0.34549188193351543,-0.3119704625954728,0.7394225154078685,1.0,0.685526470952643,0.360819627946458,0.4552532228448933,0.4163979851961101,0.41495439212767726,0.4899516462637829,0.42341119330459687,0.3928983980164342,0.4102332162538973,0.01188032479138554,0.10016139035394953,0.26408574489811926,0.3358970046876542,0.050332419009406576,0.39404890888632155,0.3298960578052858,0.36279080772739847,-0.01058559719675474,0.09506826310716208,0.5161839104362639,0.055786113957036726,0.09521213340872771,-0.0005090017614464732,0.3494786803745536,0.21705388397167605,0.4687528267343576,0.4544231836129156,0.35103570005713564,0.24543575797251152,0.0805589338032847,0.34747078433298795,0.05764706667726927,0.5281886038370499,0.27908096622707884,0.41247846232304697,-0.35332468735680894,-0.3389559301039215,-0.12944872285955658,-0.23268215536780776,-0.2853441061699308,-0.1882222206805751,-0.24503720109834023,-0.024508005869465346,-0.09120522780704925,0.044735606031096026,-0.1383377682875012,-0.2863075976989597,-0.34383949669488123,-0.23944403775576828,0.025465679594648117,-0.3234850904970139,-0.34038197658500435,-0.24615498493459376,-0.45304860430346794,-0.28854489132944233,-0.32970043665538246,-0.3706696425823521,-0.4080581528904362,-0.39622229294937206,-0.29621582019669035,0.03290634821086427,0.1210005954398472,-0.23003282282363163,-0.162616263413968,-0.23069594613076524,-0.05934780178194229,-0.4077864412555552,-0.19085980444033704,-0.08365299036629527,-0.35927670259079975,-0.340605835916792,-0.1845660896016945,-0.24412116007701984,-0.10064328588159908,-0.31840391723308287,-0.24650645650506137,-0.34478860451713406,-0.3152277263958001,-0.5084549912000192,-0.29823560625408,-0.22062289358052753,-0.40084175239374986,-0.357860150613649,-0.2523710528158441,-0.14380865918112856,0.13967259904363752,-0.055203692318059126,-0.03883415339525865,-0.09150855184971021,0.4942774754250832,0.1514006630346016,0.30846073820580305,-0.4834161807844832,0.2885743230341503,0.3600908976781999,0.713844682902466,0.6294892766427973,0.5928287815046329,0.742427325349926,0.908492614583987,0.44975890121717194,0.5700156699565534,0.6037734260952984,0.4220742762387906,0.4803045440216599,0.49267631000340134,0.4612844335434784,0.4563484520193084,0.4021661017222644,0.37913036073780015,0.39826667818780315,0.4279756998391904,0.23320020011122664,0.006870954451384944,0.29569026612840443,0.3272462500621102,0.473842416882071,0.41521978557307726,0.3440762527926104,-0.2972220460748344,0.27126627580320967,-0.0948279983708324,0.1848423360146849,0.11737804671917008,0.2575248183077936,0.39439812720351697,0.40290133533690664,0.4131218446872464,0.44908016617108726,0.25310938279737966,0.4037801222526146,0.0031185263126426326,-0.04235045305001325,0.014381244376281958,0.188100444250153,0.46853023154174395,0.4659425916740943,0.1592699092629544,0.32896746980472447,-0.2008516783851051,-0.4140918358103887,-0.23149711046244595,-0.16202474157046556,-0.13783506862821443,-0.20733838336255725,-0.2506347663450692,-0.3252050268699749,-0.15895322282661617,-0.3105511222268892,0.028109287389429777,-0.04938310895637662,0.16023879779885072,-0.16634133561322292,-0.33031012174115765,-0.24961529455921125,-0.16686493381931217,-0.11629851270147168,-0.4150043614864978,-0.24576404089587903,-0.1831463697163304,-0.5000222200508316,-0.2963635982725793,-0.4715612881627908,-0.5783126069077161,-0.4761025429650498,-0.43363953172834285,-0.45914253196415167,-0.4875070155733231,-0.37175865673732306,-0.045853129786506006,-0.08493822808466807,-0.25504844838185503,-0.3406035719768428,-0.18596724086240443,-0.1786671219540208,-0.3535409238305086,-0.32492572654474394,-0.4713491245174772,-0.3061070433847551,-0.08577228002813014,-0.2169643976472737,-0.4295301878734476,0.04886272191814344,0.13794779047846945,0.20026574797546687,-0.10269282567809417,-0.18724208203320933,-0.29318522546395925,0.685526470952643,1.0,-0.0017800565176368367,0.17231557995001284,0.1987841552813948,0.17883792657018718,0.21734160343123907,0.13563202754540443,0.06840474312996093,0.09679275210615462,-0.3165329240157163,-0.26207123713287594,-0.12639371696852122,-0.05300773964862,-0.2676909760570794,-0.07540200154128492,0.06879071634076912,0.07751634648049097,0.005427666728765506,0.06150088662364034,0.3521621886845608,0.34532741767009806,0.2391211309175724,0.1256401795614308,0.03672893187477935,-0.03162769077645185,0.26821692519781387,0.2564629455307202,0.39292163672244174,0.012173691874612392,-0.17849750611391285,0.03635977343441858,-0.04543988653669744,0.37650297157258417,0.10416469169378204,0.08568849850689345,-0.32074970966050315,-0.1938087228207492,-0.06759846771264977,-0.16009189447204222,-0.487826739332433,-0.32529154519265707,-0.376281450253953,-0.20597444033842416,-0.26399766766167954,-0.3139775043460499,-0.21450179099291988,-0.3669118939503312,-0.397829877191301,-0.22175962665064128,0.11865494708652978,-0.37910837687170856,-0.3749744090174224,-0.3255426318712792,-0.366174341489726,-0.39094928432086457,-0.4064951129781099,-0.4965694447215747,-0.2589438702623448,-0.5497567621903681,-0.3056635116992391,0.05581046570784109,0.3090587061298992,-0.2415452571394708,-0.2943460480868736,-0.17221510003203652,-0.23384258215396556,-0.41187668083755286,-0.07058521262513155,-0.30151657360132667,-0.5175241750718659,-0.37003291523661613,-0.3343187751357886,-0.4554068765669972,-0.3519908266875664,-0.5015350425515702,-0.447221475289604,-0.4406874198073116,-0.4087216094672605,-0.5046752471827645,-0.38749259655737217,-0.4095983370995537,-0.5273945725028732,-0.49674623308607146,-0.5011564861536808,0.032046329931847556,0.1438344149768174,-0.05490843843385723,-0.36968622376155286,-0.13388347936246858,0.8077529392494187,0.34600666659160983,0.6528458440759403,-0.17640068572535905,0.6564195227781295,0.8261894495324436,0.8056987837339192,0.5909675558977899,0.8186254232210245,0.6015244592189047,0.7578986290552211,0.7879290191699021,0.16376061591481755,0.27819595169174194,0.04102200446045396,0.15966735476264282,0.20759222401039987,0.1241766214748456,0.18083930121020647,0.14588187536482103,0.1534323726285057,0.060495660375833496,0.08475726762919107,-0.19163268972935407,-0.3389610527205752,-0.08987027931270493,-0.138155011595904,0.09680579550226585,0.046302647303840726,0.04207660016868334,-0.1899556208831,0.32431918375914115,0.23057563144281443,0.39304449017705767,0.33466708077261825,0.3365385549110088,0.13239324415623752,0.05903910737956324,0.452891611702254,0.16247855286168894,0.3102655612299699,0.08470590235787828,0.031522315987038356,-0.36147215920742853,-0.30404163037497545,-0.05239509565595346,0.1582373459834827,0.08522815743100337,0.1445690149467164,0.21865508950556928,-0.033839714363153715,-0.33184319466166945,-0.050156673934567096,-0.13026424630401615,-0.009574510434100144,-0.09156655263910297,-0.26015936783112525,-0.5061951091941859,-0.3747403946952017,-0.3142607507890731,-0.19385090061164753,-0.23206081299263792,0.07900976684515491,-0.06134349658259185,-0.1673873231114889,-0.2825396950174744,0.08284182387738806,-0.030698795936018108,-0.18438776270347687,-0.29756820845505727,-0.3593115756291619,-0.29882596576871934,-0.1951558815740852,-0.3524989000876736,-0.3988486516269768,-0.2113174499995746,-0.40711212585842266,-0.2357781602882177,-0.26063012251136664,-0.13439893725929633,0.09094024463491977,0.13236466858273555,-0.21544452624112195,-0.16894646738807542,-0.06730789415717851,-0.3024324636342925,-0.1945384737925398,-0.26527490651976654,-0.40602723851518335,-0.35436065153796453,-0.213736728467714,-0.2256579288863548,-0.370588524830513,0.41389474467051474,0.1806581075057824,0.47767767038459646,-0.35073098610592607,-0.3933427802689358,-0.30380552312622644,-0.0017800565176368372,1.0,0.7303316407671014,0.8330164350900497,0.854285507385223,0.7705708504635994,0.8808942722576482,0.8531875460863267,0.8425247183394279,0.34944471177222225,0.4539776137588504,0.6651251697236372,0.6483476191848228,0.4593527644683583,0.7396801557025834,0.8177845326643636,0.8165762567703013,-0.3399045251309535,-0.024179792498360025,0.4304737957468094,-0.362405059821488,-0.032904250329925694,-0.14498544774238808,0.49068927069797413,0.29320899032585446,0.4820546066748397,0.5456893013060644,0.24191550091883823,0.1713882624642104,0.1748329275017164,0.4806950991361424,-0.008985519909662086,0.4530280498930776,0.19526960048641487,0.6978941633205459,-0.4552457603154856,-0.2768874588891434,-0.30502301821099725,-0.3570776952294306,-0.1743503595001457,0.2513157065397724,0.13686241740651617,0.16867095965913328,0.1757060049234158,0.31506484858794137,-0.3291315545253383,-0.40144296360245296,-0.3669450555791646,-0.3520355345840015,-0.030613328611738624,-0.4309446630552096,-0.1262683416190781,-0.25750889335627714,-0.3773852019050353,-0.20827945002576348,-0.12033731480270211,-0.01623861817903586,-0.3149773801324667,0.03890967362785717,-0.24456764156023444,-0.4465011518949415,-0.09453934576271421,-0.41929277627013783,0.03438175518106624,-0.29093571248439487,0.14301649390285542,-0.39573612452170154,-0.3312007682573293,0.2986028557311633,-0.1539915580716151,-0.1081834787706144,0.41243634439297294,0.1793692799075096,0.3666378311774804,0.1943770951668524,0.3279408453959831,0.044139051855679914,0.08269200314489358,-0.40672765356789115,0.08332856107174846,0.2386676914270233,0.08831768435272931,0.07209909147291095,0.3477056611231737,-0.44217915653195794,-0.17223838030326574,-0.10341399295839548,0.5448416669695851,-0.06130916590750521,-0.2427021540829745,-0.24414831812928853,-0.21252145173163148,-0.35726664020043636,-0.16421591197565835,-0.29898213225965903,0.07943270584604868,0.11155022809461498,-0.12144343078907488,0.2759087729262661,0.37875482540155553,-0.1649700355341193,0.6309524965218776,0.7589858892694465,0.8577380964547222,0.8091917010189018,0.7367295677680592,0.8447376070909235,0.7677006091103774,0.7589674808951872,0.7035386858187048,0.8589032583338811,0.8206791513574013,0.5761795045964692,0.44928886022188663,0.6739186517151302,0.6066267485067902,0.6700189264957388,0.7706343989430308,0.809537336128415,-0.5471855946549657,-0.02986161143349125,-0.5033200651625074,-0.388490920450877,-0.31741344891960765,0.06272021729195906,0.38263629763726176,0.45086539956747046,0.2595775578260609,0.5910919162676574,0.224212164201466,0.34672414311533434,0.04033946944487089,0.236772725555174,0.2010345286381164,0.10424152910819452,0.4426531779289429,0.8723413874905157,0.09178921906125614,0.28066350757450914,-0.4916441683550619,-0.6616070402506099,-0.44726627066567926,-0.20885458360959913,-0.3277078454342932,-0.47180761239568625,0.002490004350364281,-0.08992061709215843,0.19898477824516625,-0.43319645702105286,0.46979309566867006,0.22776537269282512,-0.009274270911620327,-0.32363710626847475,-0.6228974963302506,-0.3678801821214084,-0.38079147896919424,-0.42638926595476384,-0.5931554739498315,-0.3731025201871373,0.3017787882052143,-0.6337577523403833,-0.26599082885471315,-0.6081951839337535,-0.4143601036098523,-0.5322251970238644,-0.24282405245386532,-0.5458856299412908,-0.6336839932863301,-0.6380998783058348,-0.5060603690274262,-0.4085986861990641,-0.46293925870873265,-0.3436819353964172,-0.4020212575413848,-0.20834511214392348,-0.3665079294632839,-0.21057871841513445,-0.3033776185019786,0.04964019330973514,0.48649872831656743,-0.0494025151053891,-0.15532301486189368,-0.4411432341647175,-0.30852147190957124,-0.38652238934040306,0.4378781475433376,0.45274954332461614,0.117976514797415,0.7303316407671014,1.0,0.7862552890932819,0.793220854274304,0.8712238334720307,0.8026514226537865,0.7993566863624225,0.7616463968330784,0.16223284486654652,0.35332697155852105,0.5310636241291223,0.41354164555363304,0.2829933508981878,0.6223055582611323,0.5939251513314622,0.6553482303696349,-0.05978547210046607,0.17392367337535186,0.35650315207050054,-0.16542851397992203,0.10766816104001035,-0.003465667414616311,0.7028188901122984,0.6433321002075728,0.6614997599542132,0.7226526547623173,0.2323710569947534,0.13081420203658392,0.04655690647211926,0.3255112801373851,-0.11150132924006996,0.4203893449380416,0.07434842405675998,0.5266430171892009,-0.5199359692621913,-0.4302943379470622,-0.46347895608609263,-0.4132366247180391,-0.15656691941791162,0.26651121756902774,0.15915266204271347,0.2195556351500071,0.21179655666692904,0.14045740739369297,-0.2633984396167889,-0.3092215473065413,-0.27993197273687875,-0.18536037304997832,0.026589901710445656,-0.36561553036574335,-0.22822901142186444,-0.20824321112747968,-0.3558691458162317,-0.36669755472308735,-0.2226051570563704,-0.187964372655996,-0.3655288036237087,-0.09721843050317919,-0.32125143232197195,-0.37975187479506217,0.0403351220003224,-0.45892111671172586,-0.05988776148285473,-0.2958084343882072,0.11040204758460276,-0.43888161276704846,-0.29155888371526706,0.08650238606673534,-0.2739790452384902,-0.2839102040469584,0.3274421512524979,0.025393800921894496,0.17210875118737315,-0.00858237892855809,0.19339200072927176,-0.059327660899841504,-0.024142110174667584,-0.49980311964237617,0.0051146418838766685,-0.026755128649473568,-0.09828672748789709,-0.1170959231058522,0.12196369159398436,-0.377561913801884,-0.09763081875543043,0.05509921051471407,0.4020545835872413,-0.13046173651215404,-0.07670644886071781,-0.08158949972400653,0.06748042168613175,-0.3708498928411861,-0.013824467260077616,-0.09598994536423636,0.2220342621178767,0.3452986082328716,0.1441468708204374,0.4816393742669102,0.48976896890946486,-0.01990767902498781,0.7702113682739078,0.7142698787454305,0.6597173518571422,0.8030374148288387,0.7611961176850361,0.8425436736994961,0.8816411698731367,0.6880067656511514,0.7766338402975868,0.7989418976766498,0.7780792965867509,0.5571784486387277,0.3689516697124695,0.5498873845455745,0.5002538374571193,0.47489979960120127,0.5809412567678581,0.5666090750527014,-0.3941152030115031,-0.10641126270705678,-0.32684694524142127,-0.2432791775048505,-0.20997921876277012,0.22881452533028265,0.3285822286416886,0.6576235863838039,0.3999613874315589,0.7510807767680323,0.23789472474136733,0.2189457354358316,-0.19967811723601864,0.12126897735384427,0.14347241637443423,-0.06430360216766252,0.29522984564761395,0.6594023096374069,0.04868083736456096,0.16105592052527593,-0.5681179045943513,-0.6116140645922931,-0.5041641917479313,-0.3974530221826641,-0.48837080763080715,-0.5502662996129694,0.031283654070987335,-0.25139559315855253,0.008817884400225967,-0.44821164125417673,0.43232573399298,0.15001078300253884,0.09175638875580525,-0.1313832921260537,-0.5078362648752671,-0.16026835304574724,-0.2518363863535372,-0.5254768858642737,-0.695506505644975,-0.3598660272044123,0.19134192633958977,-0.6998603080244725,-0.3313961827500324,-0.5609545736727826,-0.5367111100166457,-0.6949383012730344,-0.3814092353642441,-0.6875591445792237,-0.7173566808965726,-0.6272874630017352,-0.44066153762248533,-0.3759142690546925,-0.50454169791261,-0.5530932315265324,-0.4524318978600213,-0.2856186137265104,-0.5711331946131432,-0.4585987759212407,-0.4719706804489772,-0.18244609439041656,0.3707388556025195,-0.19862896447519207,-0.4569353575741405,-0.4541967919577407,-0.2586049158848348,-0.2547350034779777,0.2223629422336288,0.212045247094884,-0.18522533341699607,0.7862552890932819,1.0,0.9572952439676272,0.8562583807291569,0.9057186046068677,0.8537462958288342,0.891069793800991,0.15172533616054723,0.3134071009168153,0.5271050052388333,0.5034214214529386,0.28874285246819026,0.5939267711404833,0.7933291325199171,0.8231478749816081,-0.32233688233579294,0.003643068700286407,0.3950623705799796,-0.3120971757437932,0.06610982588488161,-0.06025859327974203,0.47438344216825545,0.28923080319907846,0.5832673017777643,0.5709437865101952,0.3128299795148086,0.044360158693213546,-0.027162570757543317,0.328401102127276,-0.10620544365368968,0.3798488062364854,0.026725841005236877,0.5679812002241519,-0.5171507615898101,-0.3009915616960328,-0.4207042128850164,-0.4326041829803145,-0.2972373696658355,0.14146979849738647,0.06152869854078379,0.14339605563036795,0.12631896421424113,0.10286079685368772,-0.41507913297646354,-0.5004186503267535,-0.42070109635173586,-0.3659507392886815,-0.0037327316117988095,-0.5055240876672517,-0.23622263498734705,-0.33570939245137094,-0.44210782059985326,-0.40637584464790394,-0.21493684578595465,-0.13904193882468177,-0.3415570684940329,-0.09549455814914833,-0.3352506893868385,-0.537668672373521,-0.0748908135466432,-0.5361770401145617,-0.03737423496665089,-0.34066961404144025,0.029632617411822167,-0.530100423419474,-0.4077885942760533,0.2363318648127252,-0.33509092681674846,-0.153611476412822,0.31135700931583465,0.06169736921637566,0.21971159677677607,0.012729058087438376,0.21667673734405063,-0.023297150478683026,0.023734724870075604,-0.5382133125055826,0.011789932945143765,0.05238540340724972,-0.055592447113498554,-0.11846080963992447,0.19971150350143507,-0.4204945846750976,-0.2353550051242577,-0.11473198766391585,0.37264556545297983,-0.19257147516561932,-0.07197572443897772,-0.10417526516425409,-0.013584680671955032,-0.23063361905945645,0.02192568639245211,-0.0768178535456806,0.20797824133312776,0.13128413540317352,0.04714673720041002,0.30236256562230235,0.47035723740630936,0.09893309971414328,0.5781825141831506,0.7768009548155813,0.7243740371633967,0.8070417348673073,0.8286309471841736,0.873341481395362,0.8482475535464679,0.7698322463140026,0.7730543539187132,0.8519013394925435,0.864359985754421,0.43383677585213376,0.34051914632632824,0.5054822251778046,0.46111007996064907,0.5713370849121733,0.6607683411497347,0.7731561502459726,-0.42044278243732414,0.02132705406757951,-0.3578788393216614,-0.29573142740737807,-0.1920233769708696,0.24994709727616135,0.3677231534488436,0.45472731891775464,0.3252733595642586,0.6174589692457422,0.3057147801362064,0.24524189532489127,0.016610549737868897,-0.03024487965134716,-0.011832183821792944,-0.06105491844494024,0.2449249340316064,0.7364192729300779,-0.009221100130808577,0.18915875546243144,-0.5084010334573261,-0.6896857569241576,-0.43635840777705936,-0.35709328073344426,-0.46540212300925127,-0.590449568390791,-0.089945771223207,-0.25817890848890773,0.1249278833998206,-0.5278917708023819,0.42692880900221447,0.06514369375554649,-0.07277253634536003,-0.19886755760524327,-0.5948632152739672,-0.32937610781711046,-0.2850018647860274,-0.43135100943201066,-0.6405030831593902,-0.5272622651785006,0.22360190995096055,-0.5814979832266999,-0.25205731431598166,-0.630643205327177,-0.43382324977587405,-0.5662078340592005,-0.35671394480649765,-0.602719769550248,-0.7109241990497913,-0.5942431928995057,-0.5318897882615343,-0.4300971917268807,-0.5613879060076059,-0.41704672493912,-0.41157298853092406,-0.33769290549533887,-0.4120506646941954,-0.33418620103688934,-0.35502441468233287,-0.0766067779742111,0.3868519401725824,-0.03857059535842947,-0.32764173699727334,-0.3143493725155916,-0.3774114622497992,-0.2855117595288051,0.2418210692605176,0.293574393739737,-0.006523297065740374,0.9572952439676272,1.0,0.8667069631952454,0.9321902306193923,0.8730328717113571,0.9060084319295587,0.13307087566621886,0.2957516457150133,0.52808306790721,0.5283987646395896,0.29143488337761825,0.6094875568926593,0.8151357292011617,0.8516209310598446,-0.339195096930316,0.036450280801214735,0.40668249685612173,-0.3066666494664865,0.08625584713448825,-0.05348150227959799,0.49988376338898927,0.30499133963582936,0.5898087421006797,0.5968868195346044,0.30970938708399287,0.07036314263683599,-0.009459127501243298,0.3415647979165864,-0.08346952344668232,0.39798142457024327,0.04034444960749534,0.6212088966701776,-0.5350343536359617,-0.33344779153273324,-0.4287367505148201,-0.4613155769384346,-0.2977244883835149,0.1696511176741448,0.07415794831686402,0.1320252996366373,0.11191176320478328,0.108497908173413,-0.4034942082954861,-0.5023620491713705,-0.4157316591490736,-0.371764624819537,0.016069525376431904,-0.5190001747911949,-0.24453856484410705,-0.30926638824867714,-0.45702518927048114,-0.4195710546458048,-0.23561007642884169,-0.14232398038429267,-0.3718679029268884,-0.08330539499841011,-0.38032562127097935,-0.5371906300626156,-0.028145443384824807,-0.5503074109548234,-0.04897744728751324,-0.36203981253192413,0.03045578277885685,-0.5447062009158369,-0.40656156396270926,0.20408067150838807,-0.33746741797549584,-0.191227924156512,0.32643216651582824,0.06356869468626587,0.22249273734460803,0.023092687403788566,0.22000909557858847,-0.0627330813653391,0.01654263530952282,-0.5567407013110692,0.01369195317263176,0.04929832837573948,-0.04267072383457201,-0.10413651806290508,0.20905206101730336,-0.4264609428255948,-0.2323880275077911,-0.11924181651650066,0.3910344970117372,-0.19085403315132615,-0.08793806325096033,-0.08387010094708638,-0.025330983038095015,-0.24499259137714835,0.02348620085534217,-0.09240844504109753,0.19807150548133756,0.12420821475293894,0.03219704314666011,0.3021890083705083,0.4720423705941627,0.08146739100195084,0.5997335736645637,0.7958859971400573,0.7638569810247806,0.8149059633982205,0.8257128762472482,0.8902321590166442,0.8455348244049486,0.7996082925160115,0.7714967234895626,0.8670929316295184,0.8731815372237535,0.4442691276039191,0.34133082766980216,0.5083710163373163,0.4518943687626039,0.5944388772167883,0.6851397656351533,0.8017327326196133,-0.412526730350408,0.04172379611764933,-0.35721312062561195,-0.30183523105129223,-0.18204390353244115,0.26846521488891206,0.38714293648429254,0.4851700202552856,0.35238540262814566,0.6206215761862274,0.3156416015689654,0.2599114159879617,0.021930264596963903,0.014075424336596734,0.004174834892978327,-0.03892860450355134,0.2641223410931996,0.7497591707601164,0.009117445813109248,0.20444840034216305,-0.5266483530110707,-0.6826886969644291,-0.440111889269076,-0.3639050198597627,-0.47367876143532367,-0.5923513122665345,-0.07316619586823733,-0.2550921930953832,0.10787828836377399,-0.5168791853233473,0.4237435288952768,0.1095416099550286,-0.08927905522654844,-0.209437359659093,-0.5975286596947658,-0.30982123805069495,-0.2712828242496912,-0.4169316649212048,-0.661910388494876,-0.5284187021156481,0.2277904816100103,-0.6244371713764364,-0.2748595886869444,-0.6393955183075849,-0.4563545878363156,-0.5859945594288196,-0.33294035314841824,-0.6161547014974637,-0.7297245804296032,-0.6244280704897897,-0.5299172222685945,-0.42461171082852994,-0.5803946265708779,-0.44609943520831496,-0.43023755199039376,-0.3459294652579643,-0.4495696122536123,-0.3707823948258337,-0.3826250636920733,-0.08838215078833278,0.3939270680356153,-0.05786771504161514,-0.33152054610777754,-0.33519007143321583,-0.37505126149415663,-0.3153613220860536,0.27995782858589424,0.3061995539191936,-0.012510864666151877,0.8667069631952454,1.0,0.8461831853266122,0.8558304284131459,0.8648027564008655,0.09728921200565678,0.3193397910540662,0.5078494240664886,0.3568662396283268,0.27596718230758865,0.5541019342825299,0.6140497173954149,0.6956205990935905,-0.20884365952037104,0.12381775788580703,0.38342591333404336,-0.2238075173666881,0.08712236595026492,0.009394925893948712,0.5173376687398201,0.43515565839406894,0.6976333026238265,0.7948128755081385,0.24494094222636156,-0.02312756504046191,-0.04453219398656615,0.2182848464761216,-0.22740297859499484,0.5319981944772035,0.06774624706833261,0.5365989568578993,-0.532878396300322,-0.39991570557070727,-0.4542267680064572,-0.4189106477043861,-0.26417545783068763,0.1771777557460837,0.08395412759110414,0.2000808399727504,0.1731660671873854,0.11827023954044864,-0.3382746943854895,-0.4037563606378002,-0.3389176078568491,-0.33070704743894225,0.023784245018385566,-0.48144561313165,-0.21812147912832,-0.33800778457414915,-0.38121122799353263,-0.4319010499382074,-0.2579576085644197,-0.19026145541321507,-0.3438564957382915,-0.11276821757873846,-0.38359338343265104,-0.42570863935238173,0.12563062312920592,-0.48316766984234893,-0.02759441354857208,-0.3053215829729478,0.09594683910137992,-0.4992007189035992,-0.25149150572404205,0.13549210004368273,-0.29484390722181697,-0.2581549806374832,0.29253024505273734,0.019856480262823432,0.17328341621048057,-0.013425430980008476,0.17803274764929275,-0.1227024484982398,-0.029357236096725532,-0.5251551467189323,0.004697299858742086,0.016431753491670364,-0.1183848198046193,-0.12803032651988117,0.17965826675459343,-0.35383962595309687,-0.08547286530146767,0.04699531534521621,0.40263968145730433,-0.1446515075087289,-0.062205476579115744,-0.059098515973104906,0.08482911067816963,-0.2842177747189202,0.03479996259522735,-0.025505207533061687,0.20246298904522647,0.30478971732626287,0.13923631347327337,0.44675060110889686,0.5112656862224582,0.05761794614247208,0.6411277959990046,0.7408031801375001,0.6934923472131235,0.7874157535818974,0.8690339233390506,0.8542374114560071,0.9116523104973823,0.7213476989436503,0.843807291466459,0.838831212257527,0.8686964582834158,0.4820235315270788,0.3622820049985576,0.48690910690143857,0.4951611140548024,0.453939469249422,0.5719019050503017,0.6278673119673608,-0.4220603288212766,-0.04167197229612703,-0.30247423674219615,-0.23426825091079315,-0.2309225471927767,0.24578527492065905,0.2599004358332416,0.5133920458955161,0.4642224597996955,0.7741230492087261,0.19679950485068812,0.22057855662437603,-0.06753109677897522,0.07341011285098983,0.06695942459995059,-0.1348562993104614,0.31232610445219533,0.7114356458322112,0.13938569975276635,0.2081039647854465,-0.5328587618986584,-0.7308401923868892,-0.5202684250197884,-0.36105752687240816,-0.44646576136584126,-0.5557106345876599,-0.01059645487732752,-0.2685708941407611,0.020665443679829077,-0.4629135036005981,0.44661080283760046,0.08293068954266376,0.033510974860376824,-0.18189401176964856,-0.5498104096747578,-0.32451060237631646,-0.3178715868916752,-0.5409550172429474,-0.6746784143560408,-0.4569715598219407,0.18312305428825232,-0.6701503286696914,-0.31417919224700686,-0.656948487867596,-0.5581060666336453,-0.6571575105319838,-0.41033881914803616,-0.7000409540400124,-0.758361402459289,-0.6494020822066843,-0.46758648550117105,-0.32656492107407065,-0.5394915649787678,-0.4934285130210831,-0.46171982491556174,-0.3073376017506036,-0.5216381211000192,-0.4378084365783688,-0.5178637119741027,-0.12102849718929772,0.4167827618902872,-0.1685577779135592,-0.381994511160736,-0.33952271364193726,-0.2468865175032413,-0.266831182096988,0.25222898481717854,0.2512657490094428,-0.06754275102194789,0.8461831853266123,1.0,0.87325344619129,0.8656253891921509,0.17659025259877095,0.3145473569755132,0.5443646998016919,0.5410957290708162,0.3383167475705698,0.6276455952565044,0.7897264286816194,0.8419286864525901,-0.2932241595605316,0.060294679311833736,0.42430317200439466,-0.26283868166314306,0.09621075746073345,-0.037844073108737504,0.5297029580300392,0.3715960513173239,0.5958765724692775,0.608036769266761,0.3885495788674372,0.12071839220798802,0.07846189010808521,0.3603033188096558,-0.01868338588362964,0.44437413814605486,0.15229463852634187,0.7027101677154425,-0.49525876031231736,-0.3292251440902422,-0.377822439125628,-0.4195178672448914,-0.24577213512187168,0.20769043521312144,0.1216153085362746,0.18932761988577404,0.16323293944415268,0.1891235704168601,-0.35505975060530415,-0.4577809588846096,-0.3613584041276762,-0.32272467069135036,0.10226739671562304,-0.44545537810699776,-0.21537356834080967,-0.23091615663788223,-0.35374993893196954,-0.3594473101508988,-0.22588190961528123,-0.16519359224563765,-0.3742087189231448,-0.06645069955875678,-0.32007517440204725,-0.508949560572993,0.00365396797750882,-0.5485974213348448,-0.07985444451740333,-0.34266715230741934,0.010962755258508221,-0.5434054112159032,-0.39142216155919984,0.2030780050195232,-0.2785193699522952,-0.21179373157371473,0.34086656967837087,0.06027002735850183,0.23731239091181963,0.039079182562802586,0.22601606220398376,-0.0751566325720948,-0.012708716137650391,-0.5124596935563958,0.057978907925532994,0.06334004683333748,-0.039773705722827846,-0.07407153885316668,0.2605451347132056,-0.42694012073251,-0.19536623325558172,-0.096061567760728,0.46955665084175857,-0.15660846470921627,-0.12364175378571912,-0.11090691986286969,-0.05508534673967989,-0.27068349304622447,-0.005029554006609586,-0.13998456673980847,0.17243906910863877,0.15950206311156043,0.01293138514500013,0.3447377189654191,0.47140614903462713,0.014947021081500629,0.6222004713836115,0.7855432658475917,0.7875755056012635,0.8174086434032825,0.7875812399156656,0.8782548166426528,0.829246978391252,0.8400386721595342,0.7428889351955269,0.8742135125664072,0.8363631757903569,0.4757725277057823,0.322011275391797,0.5329007511919911,0.4752168598005016,0.5994399367372986,0.6915676765945191,0.77879943660656,-0.42649020705826934,0.0173477968229185,-0.3638231373192282,-0.2938929308787895,-0.223827376381588,0.258318220310707,0.36332655403654984,0.5192789398826027,0.38786050155206,0.6104945872436588,0.3533299449902881,0.2579164891549501,0.02117173660295772,0.1494787340945521,0.06847381535289701,0.007360896581493427,0.3450991748715998,0.7918081628171738,0.039628629260365325,0.2674186412161366,-0.5358236424912323,-0.6598927469868321,-0.412797993636325,-0.3442333788098226,-0.4202150231485032,-0.5273053941195105,-0.07542855144930621,-0.2658220190634949,0.054801505671365686,-0.52333382306788,0.4651273710828618,0.16416671632784727,-0.02276869093109823,-0.24057809104325031,-0.5971872632861803,-0.2673839825244489,-0.2158219939453742,-0.41393374032942737,-0.676984407579422,-0.4450303681667616,0.18676634981938203,-0.6777391991184633,-0.3669930000694945,-0.6191702656680858,-0.48255992066248815,-0.6411651922903989,-0.37043947147838807,-0.6006817715959754,-0.7134283596535397,-0.6536579399102812,-0.5306398878129113,-0.4463413200629381,-0.5820658242511123,-0.49184263565362246,-0.45838107113824106,-0.3889094211298776,-0.4633420875729637,-0.3565316191738196,-0.4274218779114916,-0.1346438644766617,0.37150660367672855,-0.1696884465915215,-0.32195069648513847,-0.40715277335577865,-0.34293670429158546,-0.3337267246239451,0.325979477625559,0.30671143471185813,-0.01289677687578559,0.8732534461912902,1.0,0.8975732252692534,0.2602384977883223,0.42620012538396257,0.6046745920316972,0.4565124601774661,0.40770801057294254,0.6353526451050239,0.7104311053798752,0.7242454447885835,-0.1775980279174355,0.10718766147988548,0.40796127291307754,-0.3161313488336472,-0.007383081864607173,-0.05714409742831822,0.5296757949257311,0.4223307583075471,0.5851510060091536,0.6956552999132384,0.15837565990968727,0.0333611823750104,0.05205823687455088,0.293626933097025,-0.19257785224221807,0.4754465064817373,0.009951369362823053,0.5619198654695572,-0.5179020532473996,-0.44679497946889773,-0.5226815986581852,-0.4960635905502165,-0.13037031114945744,0.3282465488196318,0.20278713617473543,0.2511266621037515,0.2766547731567767,0.2723792788683455,-0.2607982744468397,-0.2910115587931812,-0.31038300226268223,-0.272569478115588,-0.01613909681683151,-0.4211488859226857,-0.07167670294971064,-0.22230682900630008,-0.3485651135629262,-0.3415177507200264,-0.06476017273048879,-0.042564107402013406,-0.2399425305465833,-0.013495681771666207,-0.42496326286320335,-0.39470045014240346,0.022111592475024224,-0.43871277688077026,0.14242630622304922,-0.2221736435416484,0.2436686200144564,-0.41148172380339487,-0.24068202895911417,0.2857310223970684,-0.11306344258157965,-0.23464556135657436,0.42656795559929334,0.20671917875027437,0.3782082141534473,0.19086766765559887,0.34711127810496784,0.014330301973688576,0.09647506808731776,-0.4484644012109897,0.013581973941143622,0.09140354423600892,-0.03275294686814784,0.08634689388406064,0.29330715419813413,-0.3414755438908824,-0.06901402699641843,0.08470803543294339,0.5257072329754312,-0.04815239776450493,-0.2305174919258312,-0.1449672787549685,-0.12310137802523397,-0.34983626216126457,-0.10632071328042073,-0.2127080059929208,0.07067596231003037,0.18182169429470613,-0.04107550259244632,0.3296750872445105,0.38992038000664286,-0.12184486337665852,0.6155105716757054,0.6885230853003418,0.763471804655022,0.7898752860409535,0.7642240333635246,0.8609353249353304,0.8477709250958546,0.7403415724461182,0.8560007110306653,0.9590231760120752,0.8823407270016496,0.5883762388686729,0.5006429681590288,0.5954990979152434,0.571856550395771,0.5322442134657857,0.6727367595957403,0.7010586403206309,-0.4461784778774348,-0.13947978020981186,-0.42083694217388007,-0.3407475192205506,-0.3424147866813065,0.1283033138262014,0.27713741764767874,0.48947959825396153,0.3731380543549736,0.7189440751375489,0.1244712200437146,0.2260819276902222,-0.137991664006551,0.1922566888997005,0.15096790280826491,-0.11059276017550344,0.3125015160854882,0.7520923059503902,0.0746520911957473,0.14129450313312386,-0.6304012672289128,-0.6960779099717308,-0.5715139038571692,-0.4116423794842282,-0.5316606941227617,-0.6216947589231605,0.0745007987870794,-0.18235821166193236,0.21432821361030388,-0.3673043547031434,0.5575506118256968,0.2242723547756177,0.01287058580553909,-0.19219886334320843,-0.5545632039119156,-0.3468274191592395,-0.36777655855519353,-0.5652025593105552,-0.6124720756934171,-0.4613612948441973,0.3280221578524072,-0.639351013535769,-0.2642486153365802,-0.6548596149595792,-0.49658080075522415,-0.6240849582691438,-0.34378964592668065,-0.7311450209512905,-0.7734227833282447,-0.6097675590082366,-0.4691487972053205,-0.3281874737122156,-0.5074968340495768,-0.4453249249779946,-0.3843040259313385,-0.17999639888423438,-0.4937113307983462,-0.35779641573843124,-0.4427024486292576,-0.01916604527883334,0.4867393851298212,-0.07974679045066745,-0.3509941174389086,-0.3923787248147332,-0.2533270556090997,-0.2898754306669763,0.4000204033328432,0.345151453088869,-0.02922025270833547,0.8975732252692536,1.0,0.2487601138898383,0.4247165845149965,0.6673397287657862,0.5615835945640227,0.34931906577026195,0.6622933626924241,0.7828005002023583,0.8215511840941405,-0.3642534910073518,-0.02021944411479056,0.3454120573400488,-0.38876377895097375,0.006573410871651906,-0.12401577663898848,0.4215390340843524,0.2739114996470504,0.5187563895826912,0.6185504793897396,0.18038079223453388,-0.006122377357830608,0.031342435405604704,0.35011167852896075,-0.1905897086411457,0.431243191365432,0.053504508435658286,0.6085273722978354,-0.5594026705657128,-0.3413567703702048,-0.4297873583090317,-0.3920702869299588,-0.21739824675180305,0.2942693484059364,0.14912359311130025,0.16063031073666212,0.2242777060321676,0.18549685908464497,-0.4279387117920553,-0.40590419612708856,-0.35967168047174297,-0.37673493220079646,-0.09092343087531107,-0.5014621238868134,-0.15246114701696029,-0.2974767556022715,-0.4211104351897658,-0.3654631729554242,-0.08594881507085161,-0.01748865116091215,-0.3095041652618346,0.051517324237367296,-0.37006413801652654,-0.5069892135194213,-0.08062849444738626,-0.4641727779247635,0.04133900881746725,-0.2981103104190748,0.13492740024952699,-0.4553617500124986,-0.3361104179440815,0.27012314064300574,-0.14981107976816815,-0.14325033187545433,0.3971519924287685,0.19552195446548645,0.30579157191828776,0.1416962808087016,0.28456536635147045,0.0057731173867757056,0.11450093594661984,-0.40630426568174094,0.06581104171501917,0.13214585364108467,0.016148988754758974,0.019177940273200866,0.2892772510187245,-0.46758858027432976,-0.24904213965125907,-0.06172129506002274,0.4624179241189796,-0.2131413180937781,-0.18671380788048225,-0.19402481085878687,-0.10090461757561618,-0.3511253389523483,-0.10844499247554965,-0.1790041041658808,0.14291812769221315,0.15347113853507663,0.027968641376739385,0.32346403275730523,0.431212803770368,-0.03727891207080995,0.5733285772662776,0.7934209756986602,0.8013091722330264,0.7687563916354576,0.8218430549943591,0.8558970079179244,0.8160405327548341,0.7140437097017727,0.7601277616153292,0.8824823611130702,0.9500930521304248,0.5862958984525837,0.4809730902793076,0.6372338046677377,0.5983049880765766,0.6396087231311889,0.7270073290866269,0.7973403654937926,-0.4757902335590389,-0.08371932451233893,-0.46260997029514966,-0.3737737376372336,-0.31855487541005206,0.13021425269770665,0.32825152522298623,0.4256972470519647,0.26428559735007884,0.6539684799448625,0.15279256623232332,0.3069222514917264,0.026798041974914637,0.13789682362648623,0.17002769280886498,-0.00874365480971496,0.370771596036694,0.7717909551243898,0.04810336031519353,0.2487804408562349,-0.5632965136614405,-0.7110687573588801,-0.5287112381972606,-0.2976695444136312,-0.4532499338366782,-0.5202125366410976,0.07669898431542851,-0.1572647793549264,0.1876006306197616,-0.3985752838330544,0.4664413723412164,0.20753846396330264,-0.05877833530254238,-0.30148594753415714,-0.6217077205459397,-0.3484645493775892,-0.41290371996619246,-0.4860871899353425,-0.647361238121732,-0.487404013300784,0.33928378944044013,-0.6056146020571272,-0.24934758527976283,-0.6377964288474995,-0.4643857462370444,-0.5969042161859325,-0.2811170723985052,-0.6618603454958834,-0.6819432495066826,-0.6220685311499893,-0.5394351955024157,-0.39774732521708145,-0.5105899920157873,-0.4105886087726265,-0.3908747846793928,-0.23915735701036028,-0.3928782989740245,-0.3354242424755633,-0.3511631279522948,0.02155432053668369,0.48305838987123567,0.009406545858651624,-0.2842115674445742,-0.41888061961335227,-0.37475503061514376,-0.35842929264188533,0.34401356092456664,0.37669784380330806,0.0060916741371344575,0.2487601138898383,1.0,0.8232329074202008,0.6212453121860749,0.45572246089862456,0.6856025865658605,0.5039496135168539,0.2615863710847477,0.19751330281084475,-0.013311619066088524,-0.291373657360496,0.071811205534819,-0.4532177350276966,-0.4455659073280954,-0.5081851079384182,0.10398793076832416,0.03885120432369521,-0.15522514961916287,-0.06916726699530346,-0.24982365122075703,0.107564120333452,0.4294468459173248,0.326304929056062,-0.10613733876680542,0.011053001063581836,0.01823979519900643,0.1514823319888602,-0.23559206323145904,-0.06094825544599296,-0.031403319986643904,0.038013010460043295,0.21510225417789633,0.29020128661325584,0.30631742244540744,0.2667016941523293,0.3663432157211212,0.631678205565158,0.0047263813435881995,0.05277766201923,-0.08475944029628478,-0.1560928538889659,-0.3775817051969584,0.05363357459695948,0.1784495090690587,-0.07167153335268737,-0.0585067779421604,0.18718173499819413,0.27097632536808897,0.1914624710366118,0.08861210800131794,0.3098179482816491,0.1705473900740321,-0.10372984294720672,-0.35568046598671266,0.09824300697552033,0.17693540936381513,0.003254552497055543,0.23965383158890605,0.15964370359745653,-0.0056366212247647846,0.33992035712233193,0.4181026402428112,0.16147986513715795,0.3788333885952429,0.3615729411635875,0.4926226958489167,0.3685572244047039,0.3492297461448444,0.3751992902993397,0.234087133595384,0.13430151008241212,0.11993461410588643,0.3193024094903197,0.28581300148501104,0.3149325197148048,0.26015877041191177,-0.2368979888690836,-0.05418703556515591,0.12645834891038055,0.4927650596951846,0.153890730103561,-0.39784693328506343,-0.49695156357509024,-0.4582755235533739,-0.38907314317981834,-0.5345664514227446,-0.4915575568268364,-0.17052136864858422,-0.06452205717265223,-0.27442139314839525,0.0388767162525152,-0.025441837451097772,-0.4276543352987339,0.20272413745455067,0.15787792054165412,0.3436003120191344,0.22780374342308288,0.15876829762328576,0.24558267303672407,0.17882211992437763,0.051013918960032954,0.1524719120399728,0.2962557806081155,0.27157058517084476,0.6887735339377484,0.7023007577695091,0.5988580308955918,0.6641182397836406,0.3809380753061521,0.5124549238864384,0.24086373197835945,-0.31836316609114584,-0.209407550709049,-0.5335921334406185,-0.49013991886599856,-0.533161298747143,-0.5210551682011679,0.11074799684491136,0.018027357833365502,-0.288561103292898,0.11537728657667028,-0.336192761492343,0.2225069202389954,-0.032443347700704755,0.5215325376508098,0.655828066347709,0.10653706757948496,0.18763210235244956,0.3344152974487943,-0.025693778525425454,-0.04977556486162903,-0.25427195363605454,-0.09458085286950019,-0.24212040831654869,0.023540672331890455,-0.10826705153263996,-0.06234259903643615,0.29620123459082537,0.2859328786429696,0.43400616424256255,0.17087714258917358,0.3794329782109995,0.3031818667374983,0.17677410922355546,-0.20068320353321784,-0.21110675122041503,-0.20924584429265103,-0.4114595280732029,-0.2891202426680916,-0.054882396920142275,0.05193042969493885,0.5138232476403007,-0.04953449338257981,0.018949451058342708,-0.1279691390510234,0.07962504470144423,-0.07276837126057122,0.17423398984763308,-0.07544155421646476,-0.050547680126770016,-0.0885572634798265,-0.173549938202759,-0.08954125035232238,0.04748193565598539,0.0048968196569222884,0.04102878592406925,0.21559023014346185,0.05813851640404729,0.18376190847723703,0.18541014438143444,0.3124743579087754,0.38458633640614975,0.11908581290796175,0.10400072911564343,-0.3822996443018039,-0.12900828913721968,-0.1424744508321731,0.5655979688404387,0.45627543166843537,0.25428437313923463,0.8232329074202008,1.0,0.8000247328871687,0.4797618299221796,0.8010173471549241,0.6296294256969188,0.3694364951408516,0.31130655810294666,-0.09907347098907558,-0.22968027562975796,0.06721475030705608,-0.485437285957866,-0.3935803970198391,-0.5094955454048821,0.21256333993450743,0.10119881574231696,-0.07887578554056408,0.11528661514378973,-0.22393862097797637,0.08632237021135537,0.3704306644514108,0.22770728933954648,-0.19487147370657948,0.17437648046618495,-0.017361403920542043,0.16633842778469762,-0.34227209745488807,-0.24705044889518796,-0.17091428273200598,-0.050779013388336645,0.0872736164198334,0.33631872776335814,0.28675520308236935,0.2742262146173349,0.4128330013286169,0.5227036335482389,-0.08756570037641001,-0.02321855650214271,-0.2014643914245592,-0.24456584228228037,-0.3937517279592761,-0.09069271867708184,0.2059919563975912,-0.10810602511278249,-0.15263100871072444,0.05661055059991021,0.12921871951438363,0.1143197788732836,0.010621489782640837,0.28924479467215275,-0.033755864581601215,-0.10358013316565504,-0.3374976849727993,0.04424923057275691,0.10048977946430136,-0.13145825266315508,0.19885880827818753,0.01181277206798622,-0.04353875275663224,0.25558103879505994,0.32270604316729873,0.11071015932194168,0.43223946845363953,0.32575740159806726,0.4945625258989561,0.3882770333706125,0.3584541161413072,0.349251921506277,0.20812898019289397,0.01210370263645627,0.013220627022995552,0.3753187040911992,0.2177037885459756,0.3500544393412254,0.275433837311673,-0.34199272470473435,-0.06883518817742908,0.12448174350492168,0.5629522495394588,0.1939831513241435,-0.36953857060478706,-0.4904163985540618,-0.31212430503077254,-0.3923193645069394,-0.5515796729936457,-0.48773809472005286,-0.09653855212319734,0.09045762458450096,-0.16445578607278102,0.13980866078197796,0.04395659239908661,-0.45590965727140176,0.2631100369305633,0.26764923486120534,0.42566882881776047,0.36609305371268647,0.3089322633598616,0.3746795911910116,0.36021037902921726,0.1582272662112245,0.3326583681908528,0.451151944931582,0.4496973119238565,0.8284088501508371,0.8593692747634833,0.6903299745285626,0.8244924781791416,0.3919133742615953,0.5894894439183663,0.3532221859356896,-0.3508758976433742,-0.21905364864204743,-0.5409228090331006,-0.5323214825402361,-0.5314662143518029,-0.4920622118458847,0.08622119655278705,0.09634140410911712,-0.19745169545559535,0.28858192976804053,-0.32529694681533133,0.24213711637171215,-0.05937807823550503,0.3755602428624683,0.6840229103397969,-0.025068596757573777,0.20920923674452171,0.4121840558594946,0.03368328403530315,-0.0852213490417718,-0.3641405828456469,-0.2633185613811947,-0.44011985675361337,0.006185771876865921,-0.14394294899302007,-0.1854480747600184,0.35693255996544154,0.2572184883163906,0.43970042508323615,0.1546929457839918,0.37928744273520926,0.354052562913836,0.15997095774017894,-0.16980359105799556,-0.27761031626397764,-0.23760966684373713,-0.47246008384858146,-0.3856998039239414,-0.0960546186755308,0.033269496841151006,0.5691427180832744,-0.14505322091421616,-0.06360663680933829,-0.25920031873436966,-0.0641115636978793,-0.13222250302918465,-0.006495310585175007,-0.2759482387510432,-0.196566940259542,-0.20535865392542993,-0.13835053293309046,-0.05015657195944495,0.006424544508049724,-0.03575476940617996,-0.0032461094297535904,0.18668703657609104,-0.02072344431281057,0.04098740237461117,0.08178743174439834,0.40178625174791366,0.5197469748946886,0.09433390486796663,0.08448318907560681,-0.41128733852803534,-0.11021270179619978,-0.25035513562444733,0.5919191457093836,0.5734724317830828,0.3541593601614432,0.8000247328871687,1.0,0.6970856037525924,0.6561163173504202,0.7860267494611968,0.6385500887224723,0.5840671475566048,-0.26176109825636207,-0.1246790037463516,0.1600514166592499,-0.40836132094084976,-0.1983726807928559,-0.3641300071297386,0.333847927945604,0.19005207948215752,0.1283344520452806,0.2941199350089486,-0.0878206301918962,0.17237941806877632,0.4277401311255137,0.4769907298757858,-0.07088820007681289,0.33620974690987093,0.16265582590668787,0.4421491238792191,-0.4520494040520415,-0.26419441222866785,-0.1572670211946416,-0.07670898839079411,-0.0018431288147091568,0.3816514385315621,0.23513178505348292,0.1804909047204008,0.3110071574004115,0.40503689541798926,-0.24835769791371093,-0.16791899158583865,-0.30346710150606854,-0.26834466288471537,-0.3104307730748644,-0.25223787275718823,0.04795244784488174,-0.11604609991022342,-0.30523803872003696,-0.0589465962856795,0.0433360918039841,0.06078269754482398,-0.1963155495857366,0.21983402908460636,-0.15406115941216816,-0.22367470834277167,-0.29634998905798887,-0.11531914624711696,-0.00834116371970919,-0.2299840142187559,0.17544183630470989,-0.16399474287837396,-0.17240356674404284,0.1694278842867923,0.1343738910129809,0.03979556379407454,0.3761979442279511,0.27277346441398725,0.3793511826549724,0.27680164417233155,0.25920127336367343,0.1907160604711164,0.13682071655989225,-0.12698950094248415,-0.023148246586042087,0.34664690252407165,0.1482575367916896,0.23491635338327485,0.2788351483786858,-0.44800933119879055,-0.18970211132007148,-0.047729416766290875,0.5147188159791726,-0.004579150014501956,-0.24998233199988668,-0.3651962909416375,-0.25861475833683234,-0.5340266120062006,-0.37589211608801226,-0.3731473995233867,0.07339475120096979,0.18373087016342413,-0.056997700014292926,0.2574413046434615,0.25120891327230854,-0.27938515482139215,0.457953202975838,0.5753531356868374,0.6788474241806761,0.568216087537716,0.5150184443788536,0.5779065225972622,0.5353833887769327,0.3917811059991816,0.44159336463337673,0.60875329831066,0.6885388955997057,0.850552245778019,0.713651980318774,0.8974785418050376,0.8708074517093195,0.6660321761276672,0.7923066101960213,0.6235744866314167,-0.4636379660757015,-0.1753224842269137,-0.5409162722503988,-0.4780320204260984,-0.4628009814280836,-0.2571078779912159,0.2570846993874295,0.2508353442726295,-0.07383290972508613,0.4237095678406259,-0.11200980486731252,0.3931786236045659,-0.007699573540316712,0.3460563689399046,0.6211614831610413,0.17951833504004744,0.46825648653261215,0.6531250601497964,0.07331436848835673,0.15733412329655663,-0.4368476953465933,-0.4415258411840153,-0.5011365804942557,0.05152841690808931,-0.13753686345363747,-0.17674564639768556,0.3015319881417486,0.16123748084806233,0.2429099684962208,-0.0770639442286413,0.33956220523343766,0.33157600288540645,0.009769410712931725,-0.34183415205144235,-0.4652160980309806,-0.28930494462226153,-0.5364766177403352,-0.3817742565040044,-0.32674998617102,-0.09110961782982277,0.453194029170187,-0.39381765087093606,-0.16000162376146052,-0.4221561622786936,-0.2737585886153219,-0.34117124750036987,-0.08660206829060275,-0.45788374160463974,-0.32602358756333916,-0.39869155180048776,-0.27763676178626406,-0.17679990571480544,-0.148843832857263,-0.16403824557022795,-0.18651227838376855,0.038366676413155366,-0.08065455716502862,-0.04913693758388325,-0.0563786915060415,0.27475185162711274,0.49538927800055527,0.05490166274701437,-0.012894086259314258,-0.46130515783524073,-0.20969960341914545,-0.33190628074172684,0.46110362969221086,0.5008917108612324,0.18624735291426253,0.6970856037525924,1.0,0.44196522578232494,0.8418067867599687,0.7222373133947323,0.7170243970771738,-0.28604844899604726,-0.05445094862219581,0.2883575567471808,-0.29772848522531453,-0.0718506787931171,-0.29377171599585145,0.4167010373098503,0.10564215836115044,0.18077959165192,0.13171246969873404,0.100817129253778,0.5070700930250249,0.3112773933698132,0.7797715876311337,0.22982313345618555,0.19231761929463656,0.31000797447910566,0.7180144897091274,-0.3831836375623672,-0.20254997046167697,-0.06309959207204303,-0.19015127030135975,-0.10827642664018558,0.07558770051168227,0.01647942636768289,-0.04920412076042949,-0.10401839574021284,0.29316485132664644,-0.20462701681204343,-0.2238459676599344,-0.3354168160329667,-0.3036951770230575,-0.21939155278190736,-0.29372282512533365,-0.2599840436686551,-0.07085109557317477,-0.4693962052732989,-0.020760457705968887,-0.04721507087200264,0.009920737496328375,-0.42576874182411617,0.04546291858728821,-0.19042798940174807,-0.25721430775207904,-0.426602812570006,-0.20632716532661752,-0.07442868743735657,-0.30632311694492453,-0.022059698226178703,-0.2353833954990137,-0.5058459970161014,0.12765167313476256,-0.1300114346320234,-0.001712538319978158,0.13740680444176068,0.17137156086636565,0.16680961727851523,0.045594657509642325,0.09857732598734335,0.05868171001197686,0.028617486634319143,-0.3350377671393794,-0.1197100980276642,0.12861753085429356,0.10291487961747384,-0.03539861241248825,0.04220261270776465,-0.42371191553126175,-0.25164972280305126,-0.3277187254130753,0.2968964070843429,-0.19756375260912787,-0.06937524376872939,-0.1469301171147689,-0.2966291658980464,-0.48110207773085967,-0.16769531996017228,-0.2726701456617317,0.24277921853458173,0.010192587970013815,-0.1183868175319896,0.11120120519310396,0.3591689628576467,-0.060361702999915855,0.5385837423318964,0.6883934156747032,0.7221711588647894,0.5511574217702847,0.46407672518951687,0.5601701948673247,0.40641182149726646,0.5374340983156137,0.23048527728142873,0.4803393210903696,0.5677505820348904,0.5912250693619053,0.37950085176049136,0.7670008785530454,0.620754521038047,0.8815866649460179,0.8029055847283402,0.7157198621051467,-0.2834869751838235,0.17417638637825214,-0.3830730564902867,-0.293788460842119,-0.08769805525279892,0.04388240790222214,0.6478226023582881,0.4005178218677974,-0.034777312337183834,0.3371299584288087,0.21950137851633789,0.6646849021946334,0.2117161339120108,0.1827552181723232,0.41302877446144753,0.5784832230046303,0.5870811598792048,0.631618827879912,-0.021304904332899156,0.41062121779519206,-0.2450197170677997,-0.2708183507347846,-0.15578516019699332,0.05424729705676382,-0.05406021609214436,-0.13155219020209183,-0.09091084488270353,0.07454290774946104,0.13952018720936965,-0.256673064491677,0.06287346348280408,0.1225874015830598,-0.2197068671598446,-0.3844363325941634,-0.42836651071090925,-0.08106510294112902,-0.2913401204031516,-0.007089749265688257,-0.4205666988676035,-0.22811865836554504,0.19227223784401035,-0.38265867629462946,-0.1310731317741977,-0.32054533021842724,-0.22169961830599844,-0.32506576266538184,-0.033589492890113794,-0.2655863719132971,-0.3207146931302882,-0.3814034898968793,-0.2662581860446881,-0.4061271876440384,-0.20597003119527088,-0.22170836987870648,-0.17525377079512047,-0.02736427958098473,-0.1013979271116232,-0.045631389118866245,0.016612841826614703,0.1023346550095978,0.1636230210680077,0.12395034120758316,-0.10185436556375808,-0.3512660138840969,-0.24845322292073643,-0.3510260818361682,0.21942281778483255,0.32200214661653137,-0.006298827778123562,0.44196522578232494,1.0,0.5624152705413861,0.4079868901308871,0.38326283050598986,-0.07832946866160592,-0.15998647751091988,0.14889325575019705,-0.35342150188045246,-0.3671461538028485,-0.40336283720018373,0.2201253014056468,0.15763121086150875,-0.010078965156811035,0.08506013356788444,-0.10411610801449515,0.11136518966267392,0.33438181699270225,0.21349979912694628,-0.05031297365333308,0.18207804884548265,0.024337636442389014,0.2350181754888147,-0.23927067164288912,-0.22369122601263133,-0.06910666138921301,-0.09656652447986297,0.0860719389646793,0.20179556558389852,0.35092860690868166,0.2900611622273662,0.29779421555211444,0.5293970375361403,0.034812822796623386,0.013256406503217655,-0.1079137888594427,-0.20066075709744605,-0.24534991877913076,-0.034200194845102685,0.2737555791458111,0.004785475402754923,0.006065618873821013,-0.02137378467823764,0.06765884916255384,0.07576489886705126,-0.01010152445833665,0.28937101306623303,-0.04330334626031001,-0.12681374942177645,-0.21581766378005832,-0.10139922251380332,0.13113370085061024,-0.09155983652383384,0.17206876189274836,-0.053912029128589674,-0.01385541528522504,0.24659808286308,0.23937732567574865,0.058407036340051795,0.3460621954777709,0.269914965776356,0.47195145137384725,0.36328904025866326,0.4486588530281469,0.2219599665745265,0.1412734473372654,-0.025509724803438983,0.06183342907968276,0.303272005834582,0.1542171558020712,0.3420070222091983,0.4073571354779297,-0.25139769627062863,-0.03063255236345003,0.12412649657238004,0.7055932371699452,0.37339437515057694,-0.414955804382108,-0.45720903477667857,-0.40385426393423246,-0.3505971179089889,-0.522425903833044,-0.4734191722822592,-0.1506799285862624,-0.03854072457806092,-0.3092982699524029,-0.007617860267308741,-0.001365945583140805,-0.4280507365978056,0.20783395653113756,0.23004677736697787,0.424943299719232,0.32542055766953365,0.32989188191447555,0.319536268239256,0.3226304442041299,0.1824282708291421,0.2796349694349524,0.4017402890445824,0.385446994510753,0.6786812862083582,0.7826830544081415,0.5754172174530511,0.685305958529023,0.32938139708498143,0.575135883331388,0.4183117980204829,-0.2659040889677445,-0.14426632945458703,-0.43383680312898504,-0.44295833840121246,-0.41119646707156554,-0.3896973871652872,0.07860585774397842,0.10868770912276964,-0.11780133369567088,0.24384810239723123,-0.2728780997091984,0.2360045775541738,0.0764546148701429,0.3467313960202515,0.5721810502680187,0.013338464815691975,0.15801293395809665,0.37870491140962226,0.010328782035836032,-0.09327402177323316,-0.36331366813356575,-0.21263470525935207,-0.43263958125692736,-0.010111658185311175,0.022336543836482942,-0.20804646624807696,0.2016852612797164,0.15401807142984425,0.37702440355734174,0.049850528862971755,0.43317293944729435,0.2907872344499111,0.0076649369673317085,-0.20005851723694393,-0.1322494388797772,-0.16917729138687385,-0.38935274270637565,-0.2734422428679567,-0.03167993676008807,-0.05449778772031482,0.4619886919473484,-0.09611981966966084,-0.07327594581654245,-0.25462801700803933,-0.11996444127333264,-0.11691808847649492,-0.039927993755334554,-0.2585340540352756,-0.2725804102659385,-0.2230969539055783,-0.1519182886242657,0.020484206176596464,-0.1385422299500285,-0.019928645306460106,-0.053013356877788895,0.15211459850694192,-0.08238599484219766,0.05175523123155519,-0.074901283020797,0.36318360077314954,0.4803714512148417,-0.02629339033429636,0.15384249319644416,-0.2869149787994253,-0.0966665621042599,-0.31475837987439936,0.6016372134465071,0.6347201273453942,0.45529319116545447,0.5624152705413861,1.0,0.6839657681447147,0.6672938731767742,-0.21031495618673768,-0.013190285242438076,0.36260360739543696,-0.37492215625192166,-0.1967434692913752,-0.3502895258875438,0.5701468397444459,0.3045249546298447,0.2859658393341933,0.37031629806794625,-0.04542134404739864,0.47753919110175047,0.31887130050401685,0.6694156017616234,0.06908292568100376,0.32964877030062195,0.20542821143382536,0.6372655349409454,-0.4324282236002256,-0.3794626997143639,-0.23986715719788093,-0.3219687397334358,-0.11306822584610328,0.16682269245937506,0.16014152961350703,0.10252514802927518,0.02590285144044968,0.35916693679453104,-0.1757555317237239,-0.2190324713814309,-0.35191248316718243,-0.31920135750811474,-0.2859104035278443,-0.32812223322598866,-0.1925930928520607,-0.15267996924112587,-0.4742673822733624,-0.11971359931187373,-0.07734359964148313,0.008581711686817336,-0.4012254514704012,0.05815626790168048,-0.28989588193742016,-0.2300844095725293,-0.35131638443215435,-0.23048414881663865,-0.003884769515444904,-0.35140532546150505,0.10414105863310448,-0.28068226654197537,-0.4220129560905667,0.14424013371087877,-0.07512380019049923,-0.09589248050061983,0.28829342257407287,0.207574283346344,0.30490107103328234,0.18483128930753995,0.2891231516265861,0.10690693657193644,0.04206757153776871,-0.4091991199727445,-0.12974818090352233,0.14942914612705532,0.07529806478967238,0.051133236158114055,0.13399889582804675,-0.4084037396511631,-0.1304082320225275,-0.19574325096874903,0.4762691458663895,-0.03633854233333189,-0.17239134228936995,-0.16887303861453876,-0.2726202320808176,-0.5594427636044129,-0.24800905967122805,-0.3539507254020503,0.18842881922909316,0.12376410861599828,-0.1253472750324161,0.2203839671442238,0.3824685954056912,-0.21425519725286676,0.6963672091770572,0.6666269980074768,0.7476653258947459,0.6547627595177827,0.5911661428348676,0.6747245749621981,0.606858441687122,0.5799476436066585,0.4548967559060436,0.6527115779906904,0.6802803272675428,0.7468820431217745,0.5584266037236131,0.8337004900070794,0.7731714032020593,0.7844017136587766,0.8079736654555634,0.6749094222808548,-0.35052143768836613,0.05607196563761167,-0.4568751698677321,-0.39776934662644975,-0.2615161426987486,-0.053166132107074875,0.5898886668052513,0.5482136603134606,0.08355874333936182,0.5981768782051377,0.02072098514431777,0.6771643546156287,-0.03890135846547465,0.25331578363169904,0.4622605915538152,0.39400925713092727,0.5263345029631756,0.6656588155853975,0.04163777151602536,0.25529045052966887,-0.39156152192117183,-0.40444202475088914,-0.3706288609686446,-0.08996797843437215,-0.18160361600887087,-0.3255053742298757,0.017706124718673995,0.03649754954303087,0.22490652145346152,-0.21302980730326593,0.21628742413376612,0.22646645655493647,-0.11464554579467032,-0.32644914015363674,-0.4506577856650933,-0.11835446882115624,-0.413466109753209,-0.27237206815263526,-0.4855247390016705,-0.23898045528473913,0.30379555327910823,-0.4582661860631763,-0.17787904422017792,-0.4090508142817984,-0.3492719283362391,-0.4448221345867848,-0.11266900681470488,-0.44867907343184626,-0.49200971700199664,-0.4755152627316635,-0.30439996593584534,-0.3792281478355137,-0.2545135046555966,-0.26337843777163167,-0.24752607565802384,-0.006935862072031557,-0.25964451389953375,-0.14932817341933183,-0.11572940237212008,0.16926001979145675,0.35251423079599886,0.03567717871679083,-0.19046600986356615,-0.4182761858463566,-0.1609309478710602,-0.390280279078304,0.3412812362201077,0.4020785258141075,0.04721654837998832,0.6839657681447145,1.0,0.8965082925889328,-0.42675728550944514,-0.048684812875886406,0.3165780788261476,-0.3086420178989411,0.08399228194091998,-0.11334989451489844,0.4451452800507999,0.16322771118706833,0.37534245705786234,0.318132002938807,0.24176710196000617,0.14520311517299045,0.09986881713746468,0.4768182670141802,0.023136435135651817,0.2493396274846797,0.06569519496954411,0.6093174024266509,-0.5454510430193816,-0.2764746034362748,-0.32684924731591025,-0.40372491193305865,-0.1985242550793632,0.22352643420590432,0.08087154400594737,0.03732724023122028,0.09703571206518061,0.23189319631103564,-0.3841667247538385,-0.4059760712647236,-0.42611350855970087,-0.3484834081500059,-0.0606804663454032,-0.4550308668627172,-0.14432489887086836,-0.1869706978323349,-0.4665713591981031,-0.27767004073002427,-0.14851055014339623,-0.06725507107908098,-0.3308420574040985,0.04914737744396409,-0.32854356332155854,-0.45247559187121333,-0.17003528649089328,-0.48832844539148235,-0.06896859851181832,-0.3317667198294824,0.062332390652760486,-0.47093343069613214,-0.4048458696436752,0.19885573490765293,-0.1978593245638456,-0.13265794794202715,0.30040976668624914,0.14174270387944057,0.2500717231428842,0.07622550641787722,0.165858788524194,-0.00020646413668837116,0.07374770021156955,-0.4529454162667692,-0.05844330961647752,0.13269317224809907,-0.023409780059282913,0.004155795712047441,0.21098626485096797,-0.46879983282752496,-0.29838740270671354,-0.18490910417904433,0.3683033663310966,-0.19308650658373852,-0.11222880453764993,-0.19093738351396944,-0.1802678056452127,-0.32841685468295784,-0.06988623326223244,-0.1825674018780856,0.17444158460285067,0.031220060365747176,-0.07773523810030715,0.182520763470421,0.3827336301015683,0.015648560144278508,0.5231988537665893,0.7798522199504109,0.7897976665523216,0.7375610080525273,0.6790777590636485,0.7567201310774272,0.6224337326160932,0.6943792575666928,0.5207884457235349,0.7114547334580391,0.7525048646237413,0.49947193639747567,0.40915971055891526,0.6346744695423268,0.5328168743984188,0.7613010946154706,0.8267654214972605,0.9467935504520552,-0.4222338645923005,0.07414242057827199,-0.41089943458639266,-0.31151438024671146,-0.1346133837903991,0.16781506309210556,0.4688880120232264,0.3823501079792724,0.15568257653252976,0.39911484404513753,0.3170397989810839,0.3440943956540149,0.13866527073953347,0.06912710429033053,0.10267818737890642,0.13312943995344384,0.3247225155335261,0.7320102312283957,-0.08187908880902045,0.1939205291515422,-0.48163242100558645,-0.5727586169981596,-0.3918612633735644,-0.21271732225721685,-0.3627427920368416,-0.477598205745097,0.018218735703344684,-0.047155587247373336,0.2307331568918548,-0.3482804300948971,0.34807783900872213,0.1733611100602712,-0.10137459189382558,-0.2865846535641086,-0.5245848387175281,-0.28965323966871254,-0.3179836203475665,-0.2545632480145289,-0.48489389174639,-0.4748618455656503,0.3009129640291007,-0.4732347307173096,-0.1832773107748416,-0.559181148358148,-0.35123796469218027,-0.4178856686847617,-0.18286231673661724,-0.5369099583491774,-0.5779059132656014,-0.5035784917785499,-0.4335533329399477,-0.3465155216438589,-0.4779108370520595,-0.3016305137450596,-0.27247308676876125,-0.1954745709548536,-0.3022526534257764,-0.28798078039531294,-0.18424760257499745,0.06132398512255137,0.394758787520396,0.08256897447505912,-0.14032193398862916,-0.3023690731380271,-0.36567297567358953,-0.361057770082908,0.28747545925111406,0.4111479060194495,0.10740864376048768,0.8965082925889328,1.0,-0.4569380752135745,-0.0657012023578912,0.32987649466194024,-0.29979912630796285,0.1215100153708278,-0.1165445599023593,0.42937383117295974,0.19910960612638684,0.4534178094684688,0.4078598293332101,0.3614370903968682,0.15989738917663993,0.09685121590171009,0.49605035340816767,0.047150556055095966,0.2846369358307172,0.2095880010499654,0.7351469529317453,-0.5153627153225062,-0.25519210608532783,-0.21546624271007384,-0.30995717866901795,-0.29717153821638526,0.1478092186826441,0.06685355422601655,0.015916259156594413,0.05429996486129217,0.1838031276379133,-0.45169998131867867,-0.47196590012065937,-0.4036911221080615,-0.39454098604811466,-0.06134222700642142,-0.4902798582749192,-0.2644643153929448,-0.23026841559185657,-0.4101404118198895,-0.305194355238479,-0.23053748525558243,-0.09744346870604266,-0.454737893502175,-0.0007868509413933027,-0.30696006703735823,-0.5747644781683555,-0.1534277957782354,-0.5424068722205297,-0.14849280079353597,-0.41396166232374526,-0.07935481438295601,-0.5196634325990364,-0.492475456160744,0.1939180319191826,-0.3212796553349961,-0.09953413366275114,0.2991178979152125,0.08544561390243506,0.1725637283935131,0.013001100217176204,0.1658714560361532,-0.06415040130001472,0.03400850665092841,-0.4639830081338053,0.0707120408436263,0.11191681694408818,-0.00373916363948967,-0.10517906517847962,0.21877149847836463,-0.5431670856289303,-0.38984252853415496,-0.22995523556753691,0.4237648338526129,-0.27870862908954214,-0.11525557902491088,-0.17586661987949842,-0.12450528661791747,-0.28523138847642204,-0.04160081467518156,-0.17030928458711875,0.19344201633313948,0.0437477404215983,-0.043838610671833485,0.21392118502213575,0.43185826887195056,0.055572560646901366,0.5363699933486533,0.826001058145709,0.7742193703826528,0.7109964633404886,0.7317213275251112,0.7753402483384583,0.6890471575736471,0.7242833675359246,0.5388570831066765,0.7189477915187258,0.800482630977992,0.4474247746014609,0.337530062656375,0.5814960061337516,0.4899143401994404,0.7281492008914007,0.7666097457571472,0.9054884372139824,-0.3820966462354049,0.13755762525144935,-0.3598219025916284,-0.3039606582636727,-0.07192921947775964,0.25156847041883784,0.4782414667101933,0.45793799522662726,0.17957164700291087,0.44738002558735807,0.38346143467777594,0.3606111692153209,0.2693803792820096,0.07663387186850366,0.10302084792691071,0.19571142126872848,0.41816823037221057,0.7418493614021225,-0.06737744641156973,0.3594585905823016,-0.428481992714496,-0.5620277543360074,-0.3360593767834876,-0.15807125841356687,-0.24573284337065693,-0.37268744583349217,-0.07716444987163061,-0.15938348221897147,0.11165482896316536,-0.4675100094395034,0.34317030616833943,0.13303841296782629,-0.14975945099998428,-0.3134688770378732,-0.5393109887594936,-0.17373678350050553,-0.2592380646219517,-0.20350675096015303,-0.5883535831155193,-0.4544433816674596,0.23144489902967844,-0.5445664320911726,-0.23822375211636607,-0.4900174063242094,-0.37826300918092304,-0.504596362877236,-0.2248078824650516,-0.4958034612761269,-0.5780599240057774,-0.566530887418163,-0.5160708438216389,-0.4750777411873307,-0.5239537872379336,-0.3756336981309246,-0.3692785163462576,-0.31643794865214164,-0.29748818834638774,-0.26590043528128904,-0.254427212086711,-0.019249353010383528,0.3322236334887272,-0.009708323740915261,-0.1798136457051973,-0.366834196153406,-0.44970825333667663,-0.39603334433844134,0.28086183383404945,0.40034297372654176,0.07146570633146695,-0.4569380752135744,1.0,0.6133013287421517,-0.007474017567397763,0.45099942232985696,0.08153831540120915,0.32380740270265246,0.2896159602587029,0.45216479266524096,0.11741566162459714,0.06177189071839527,-0.12842699478062222,0.12685401151176484,0.06547615631394148,-0.039829422359940976,0.15330500359279195,0.09279798079888932,-0.13596598035558752,-0.2638686864460201,0.14623881375150188,-0.25034895526782663,-0.16036973872595564,-0.10662516591918564,0.31341075265232254,-0.10458020379892943,0.10024240456690894,0.24540023010983536,-0.008274901464997372,0.09271297925424862,0.6991691119447702,0.5166667388930776,0.40338571460005535,0.5155688050507842,0.3460581244996364,0.5359165398270216,0.14173550729847087,0.515702441164888,0.21413176208236945,0.3018928215990114,0.12261583445483037,-0.2938297788787253,0.10348307485109796,-0.20652126102372145,-0.06171322101261762,0.5103091085678574,0.25881025756444503,0.24945639900894068,0.13011496134258027,0.35049211991409795,0.16590311485115955,0.16601793496922368,0.20578039442252968,-0.20534698732437276,0.09790638188051201,-0.3599121653565408,-0.28155864879756687,-0.17782676334531547,-0.09761272539759856,-0.22337222900388576,-0.1605467917935936,-0.19024536753472396,-0.3125035591666861,-0.04457607433555405,-0.31360495780984265,-0.4877269639258832,-0.36591775638333207,-0.09289981287478705,-0.2651824691341952,0.5758780324845189,0.5997367234368076,0.564191053182766,-0.20836495046721537,0.2967937081298513,0.0659158801793312,0.3017140054080356,0.0730152460478403,-0.10940334819679189,-0.047540749191505846,0.06298703655665307,-0.03132116805504042,0.1927427949731172,0.05495864932846772,0.0610505961454503,-0.12581088447067357,-0.09361632042460552,0.004640414110891218,-0.3576787796831742,-0.28368604110316326,-0.1889939490215257,-0.24925996459848093,-0.22688584523954564,-0.1622225192636133,-0.147492917232506,-0.07728963295359481,-0.1859228871697344,-0.3422461341940505,-0.06208143492259152,-0.0767013242629365,-0.1846469813968296,-0.12194923584726672,-0.2797893540603098,-0.311930025477185,-0.4722258547557652,0.4776064938972709,-0.21005445918550353,0.4113475843468543,0.32930674261392484,0.18488443273881447,0.16132301977228533,-0.05122246341270106,0.15848272635711347,0.2649431538188115,0.10061876075969992,-0.13818919504257743,-0.052153772931420525,-0.462344334470784,0.09588194750037869,0.06075381390001016,-0.060061872988504975,-0.11299777431817096,-0.31792050630252794,0.184838003767806,-0.20265496863436033,-0.09348253734441976,0.34303170512002606,-0.004163083094299323,-0.33605143553038075,-0.107687830517629,-0.06584335861001686,-0.08326721483764758,-0.13559095750053685,-0.15807812357122247,0.17193867792976775,0.025255972896290953,-0.07811952345328611,0.15503672935528362,0.5835310665569157,0.40142152541225007,0.32393305403080974,0.3783848087172913,0.07007599287000263,0.14363993624473037,0.32599011378384907,-0.22886197579342024,0.024405019219647415,-0.1904489222416036,0.05645834530416724,-0.08345109441101436,-0.1477381733090293,-0.2290158434338513,-0.06960407406681439,-0.12097500698976817,0.26817258672005106,0.40024175244810783,0.2314110911772725,0.1669859670929342,-0.28491690185377727,0.08846173691433744,0.19117533511404391,-0.24881493335271232,-0.1679886162539046,-0.24781238546133771,-0.3936613430129736,-0.3126583681331746,-0.3037477128051906,-0.4198090787808957,0.10896097971093456,0.49534183435197776,0.4319293212880756,-0.14536981266471613,-0.41798152471345495,-0.4250261414377653,0.6133013287421517,1.0,0.21032201760319327,0.4722720663906701,0.4558880793739489,0.5603858012738223,0.5648047679365096,0.5438782407574948,0.4702832750354441,0.3663546959534004,0.13996195880004492,0.2842075301579691,-0.004608241075607922,0.10855649146457472,0.3104183902831004,0.3680862846615715,-0.011703786357457667,0.04790509998618358,-0.029504720422921345,-0.36417950726007264,-0.25406424592369165,-0.3510764303026144,0.06584814737156687,-0.15446180196933323,-0.01042941568209092,0.043423503354228385,-0.1819092113325798,-0.032025350097906885,0.5451811962106642,0.18327807131117255,0.12939935805558997,0.3482223844762299,0.5006276781996655,0.21648196560497435,-0.013309073271154336,0.4930348555346162,-0.057389274335620806,0.1739985928706821,-0.2098701829547193,-0.431416722344152,-0.17682945002034575,-0.3492722194865647,-0.3891123616241385,0.24737520065688764,0.4170969450641047,-0.03341595549205104,-0.10004061587148697,0.026409947421834817,0.06057362474349608,-0.17274341164133755,0.051982876213171006,-0.356038854307334,-0.26607125019812167,-0.5356053947185158,-0.26942951485517724,-0.30268915893002146,-0.21581170915844317,-0.3560946729679762,-0.2767875020622332,-0.3544676688404136,-0.3801465568906967,-0.3639972779373193,-0.39164485203783034,-0.5054667978472396,-0.48944777513926263,-0.18531422097907307,-0.18768307881536017,0.3557718536732273,0.38727595957587346,0.2168104166735713,-0.274683993955882,0.10936671116181028,0.12185696548254037,0.642208452536829,0.14841806818208075,-0.10737321095336616,0.19353295038552087,0.1186731706570212,0.04790906336840072,0.19238754963922092,0.017343348048181658,0.03793275587824575,0.04099422066287179,0.0726714086612759,0.20195823722193929,0.03239364209005425,0.013037842021047167,0.09150102956598993,0.04892201930916703,0.07972007253133635,0.0744238569633716,0.2961263575486321,0.18654344898574848,0.09103715026065401,-0.012586707833678283,-0.09089091156884643,-0.16376878720849014,-0.06398005436267556,-0.08087575603580013,0.0007330343498918505,-0.0833057835942079,-0.0763432817019262,0.43922720000711,0.0722311239764526,0.43819976230953006,0.32072903862444263,0.4247008792165004,0.6102372575811342,0.23993508914261988,0.4044884405268669,0.5287901656449825,0.3261034289374735,0.2384472797155812,0.13173525440243675,-0.32545500701317925,-0.002619768880467431,-0.12777855326509513,0.06971958532263439,0.08702226960296809,-0.01552375304578886,0.2567752162061901,0.02664641346735491,-0.16429363884723136,0.07656563726735854,-0.07981897953422702,-0.4072635755473447,-0.1729662061195464,-0.23307578255826847,-0.20898092400171608,-0.20080578049307177,-0.35012156792582594,-0.09836875485086345,0.00969287490971176,-0.17974288638568087,-0.02511774887621394,0.44243186511377,0.13173767328512637,0.2469592191506778,0.3462394897024906,0.16685004379810797,-0.05355383795883993,0.10960014748226972,-0.3364719308168884,-0.25838126213790047,-0.35899023343102593,-0.2342706318973161,-0.4091632217085506,-0.3251249293913491,-0.39865587473080766,-0.3053524329716247,-0.3964397632477113,-0.13784828968165097,0.2406045395067756,0.0897243884830054,-0.0783538297205686,-0.43738716223405993,-0.30658459389087134,-0.04677325407356604,-0.4766181325925746,-0.3836987674417484,-0.41174345129380496,-0.4555752936273924,-0.21857362213159853,-0.31151951791834925,-0.4303303038012499,0.11280917221380912,0.30989428820645054,0.212712391977105,-0.2192526873766057,-0.3495507235516699,-0.4371414454969989,0.21032201760319327,1.0,-0.08336962381354784,-0.13349676543047495,-0.13799137318965815,0.3679088184221436,0.16858178550288366,0.4256429091656784,0.34710087078238366,0.26035229472802845,0.3560112355753013,0.15998957890844787,0.32804143971815564,0.02742588894300689,0.4601410949556769,-0.011078596754026468,0.35955842470831567,-0.30136123769954143,-0.14823197732012383,-0.15608896764877894,-0.4278698437150468,-0.3276277745823071,-0.18705447760385993,-0.1899729874167627,-0.026072769521842554,-0.047595108219343096,-0.008234505811313705,-0.012462944151968632,-0.3683029714317328,-0.40150300275405754,-0.29276862923126135,0.024360983517605905,-0.3842606387794382,-0.13147804620567177,-0.33818693529148414,-0.31411032902064046,-0.2958105431923246,-0.13811909783418735,-0.03944464977379832,-0.10302592797259924,-0.09783906009794202,-0.29821590245402857,-0.21446908263069367,0.05081574947167937,-0.47248092937817854,0.13282936441819698,-0.11120461770848605,0.22141787173705477,-0.35004405506885383,-0.03948269629147558,0.1267288942337013,-0.2319041903375169,-0.2419255490120506,0.1959213706916004,0.04871121413711916,0.28341899738585846,0.0028938542949444304,0.1141662254930595,-0.007398601601934135,0.048828260956703215,-0.4462048585580633,-0.13757653855872892,-0.0555927650479193,-0.03261040813652663,-0.06948697159378207,-0.020822760258690363,-0.08850237708786687,0.09676192955206991,-0.11868814921228392,0.17467879228910052,0.26191429334993743,0.1920989616816471,0.2775714061752289,-0.08305021490428102,-0.34617448254973004,0.26035226181755505,0.049578841600369655,0.28982264829105553,0.23576896449364165,0.06615259146659512,0.3194620985689378,0.5653562088494904,0.18607826647813472,0.5311913515494227,0.3983355542101528,0.3178975584220812,0.37853432653526287,0.42778434684332367,0.3803647724487828,0.40073208766360047,0.3971261579899957,0.3453104180911672,0.38898151617672205,0.34635118829011213,0.12484484771177123,0.011732519764428054,0.24366753624848003,0.146113288772618,0.429956042816816,0.3962395166990805,0.3436810677217393,-0.3023374668983469,0.41305794166754767,-0.24514706986057264,-0.05772754896366331,0.006955293931869703,0.1997152103187446,0.4844107447983676,0.44529187595823294,0.3282885112800432,0.48296186251386175,0.1092760306942908,0.4483233387118681,-0.04496022593558752,0.04854799059548197,-0.03254641238899013,0.1933182704917897,0.2056711095312928,0.35310595159021185,0.048722168767778073,0.07937262196892007,-0.3512266576437403,-0.37769314462024894,-0.23471249512498207,-0.2820204784591885,-0.21997724971246044,-0.42190170230675134,-0.2441426257005972,-0.33977611912986694,0.025879850277749607,-0.2802968966655495,0.2614972237731554,-0.02498843218000216,0.025792971888396975,-0.15611533856657583,-0.3502262566920986,-0.32019226347699953,-0.21745448982020132,-0.22102485463029067,-0.37315556029634417,-0.3853350539281304,0.10466810799511649,-0.40150679809088313,-0.11763447838005094,-0.479487732313204,-0.35780111265707004,-0.3537305296462256,-0.12947270407067593,-0.3152397290538727,-0.5042656405782839,-0.401413670717335,-0.2630755307924893,-0.092200825260689,-0.44250316096975617,-0.1570863777220482,-0.20489285245843247,-0.08298557486266561,-0.3616508269170012,-0.1520716344819714,-0.22379694836192487,-0.10173853957148012,0.23482567766660656,0.04534571344030977,-0.360139208097413,0.10314032357042432,-0.038174341807446506,-0.019780207409297597,0.18520836570266505,0.08895852863707845,-0.09958736143333936,-0.08336962381354784,1.0,0.6507812181602086,0.7177420727633907,0.08723696553675733,0.24532356631277188,0.205699836924778,0.05562446375217115,0.30741161710314685,0.08114027884439996,-0.11412476320862026,-0.14329654925516438,0.32404279552603943,0.12921434198465115,0.10455226383843357,-0.14249500470538387,0.18447812821488105,-0.15186838209234377,0.08420794059807678,0.030886292551172093,-0.07467026548182984,-0.3310850308336353,-0.19171385995056028,-0.1264385993146722,-0.20868006825674523,-0.16664543093425893,0.35366217872806494,0.2747564266589818,0.26123992132709645,0.4824471141665664,0.5599816802809734,0.26949796010045424,-0.0702649257215196,0.3924678493333056,0.20455067466277,0.15887137942297427,-0.20618399659757616,-0.48640166588040473,-0.1367901455807096,-0.4193051974415564,-0.10933480267335392,0.4702207635034371,0.5025864807438852,0.10624239823499766,-0.2883193005492334,0.13463634334894745,-0.24696541720351833,-0.06588890063266029,0.15820589322283227,-0.5176485364306582,-0.2618229118902601,-0.41402474720683274,-0.5068419278242863,-0.5307921247027313,-0.538995032485936,-0.47899623081869497,-0.4615321869827346,-0.6119517292314576,-0.5637530831187858,-0.14743925609665093,-0.34409265435075687,-0.5421482982776659,-0.5218921126128788,-0.3691367871116119,-0.35461438550901137,0.532925782892436,0.39028254913723215,0.12365967570364732,-0.37134158700771486,0.0608277187327237,0.3932801799242134,0.4175475928802765,0.3254061329202067,0.06167983483006406,0.3641163354953585,0.514118742767351,0.22367709665413557,0.26000740221003765,0.33926756063828445,0.09607750783498493,0.08526347875487211,0.3380658086472817,-0.18471077491342283,-0.23049193035716245,-0.30314835205237334,-0.2518064849926313,-0.24612062122028447,-0.3181442635176045,-0.27227017783140206,-0.12896131018283236,-0.22164488345553424,-0.3125755812435184,-0.38381834085059746,-0.40438618419060074,-0.5068798375362882,-0.3683992748284231,-0.3707947992094127,-0.3363625606583851,-0.3895839083575785,-0.31985833783716827,0.3891124360813184,0.05414385237159885,0.7334765100152996,0.6553062895364625,0.5642756202929884,0.5188311567968537,-0.11497624427114878,-0.007115247692477432,0.39740497549606607,-0.16080875105563003,0.27162767502549306,-0.1442163318555648,-0.03635810314537051,-0.17436532854942574,-0.22107468030005273,0.034486854070870085,0.03551574945527613,-0.2456391124250296,0.23124096936302097,0.0689818829581117,0.16498253409241648,0.25601684476923914,0.1914210445042099,-0.03596518822636375,0.23317992711233287,0.23161952120261825,-0.2713247558320742,-0.2727422151190118,-0.500585561991472,-0.06915995554973241,-0.31815988779541887,-0.12905228572435723,-0.06925369935204155,0.16739116907318008,0.32527250067335944,0.3042478626725213,0.4969340369543622,0.3601744836539357,0.15994130544480817,0.22811269069831092,-0.5850358477274907,-0.03982562520500816,-0.2827966984896055,0.06804226206327657,-0.21974027740994284,-0.06542885280339526,-0.3283691026695151,0.064198414425247,0.015101943690741007,0.17591906275897592,0.5010993415797662,0.24266182319908836,0.15239155284983727,-0.21085652302880104,-0.050640928778502715,-0.09446163384554591,-0.07626051931838544,-0.16059920876287948,-0.3576451213759582,-0.4441374061158084,-0.4468230832055039,-0.4632446421895533,-0.12650236987782107,0.35238637006397494,0.4688084642369509,0.4064051572886221,-0.3785284297151095,-0.5121359652049577,-0.31577315592417654,0.6507812181602086,1.0,0.7459877418703752,0.21427080896735817,0.2285068057280553,0.38464324554410734,0.2880220015660558,0.4666680800457239,0.09361676748351401,-0.13134980428276075,-0.0035939728765873053,0.34206733218212754,0.15772667350384875,0.28631048387953933,0.1620068706413562,0.025942059168809255,-0.13438289886017635,0.05246387049981178,0.06069189038521105,-0.17448722396659455,-0.20584136044496787,-0.17444059624620364,-0.06587433883697867,-0.130778195033681,-0.12188783015969364,0.0008965275733941123,-0.12490813627513606,0.007718393096149322,0.2626478696308378,0.5178130108437192,-0.035581762471633645,-0.3623518101530208,0.2669516639762872,-0.13903453137099755,0.12701930922862725,-0.4294511218597064,-0.4173774560405252,-0.43170624588107814,-0.41910449031912006,-0.18559787975876296,0.05251235995894933,0.44719204166501064,-0.015032031982719397,-0.46705457011411006,-0.25207428757435985,-0.32967586990863,-0.18428632606863743,-0.18068568749946293,-0.3278510195645345,-0.42924728128115475,-0.25410331357128607,-0.32689103908715694,-0.38806779214300874,-0.5377866446740006,-0.5288951506221005,-0.4769552302014869,-0.46772082472570287,-0.3702144046014048,-0.2916406254494056,-0.13913429721561027,-0.35218635057906134,-0.42058358859149386,-0.4718908058740815,-0.2265159697372751,0.09933441544242948,-0.049877478263486846,-0.09289286376035241,-0.34080867152977745,-0.3623778212563256,0.2678072784161507,0.39226302944876607,0.31409377071939004,0.17910302159962835,0.377401714592165,0.39008568683126926,0.18073317137619777,0.2129705915269973,0.2833529702412701,0.15132355462536506,0.12579390749287675,0.3504281327299903,-0.04512671704115672,0.14277967143434422,-0.010994381832539752,0.008727221661432529,0.028139597815979432,0.0008716454488735259,-0.03782552221960944,0.17557347272118387,0.0864453125306832,0.021967081500677475,-0.013839287493807795,-0.28934113923463367,-0.40821153724966686,-0.22442896940422533,-0.23855604225182375,-0.06361040839559558,-0.1383185040499129,0.06739127728692364,0.23881983518608152,0.1380167010299292,0.5327163748147559,0.46800770530188474,0.5391115867521167,0.7267527137674196,0.09001956235552906,0.13805074168827067,0.40965146308225114,-0.06479138298977298,0.5922983343879633,-0.15732752663605834,0.16614707105052515,-0.1480202892582533,-0.2822166950402985,0.06456440423424617,0.16838606631406058,0.05071203892659006,0.114008117433941,0.2902468838311229,0.1787575925391471,-0.02724888225982844,0.17234936248011767,-0.022822321928973,-0.006053645415595704,0.1761605810428749,-0.3480266381700487,-0.16903875434488408,-0.39262351442564064,-0.2744970666209827,-0.18318526446193928,-0.06691921818781613,0.023295150367275506,0.13908334909324543,-0.1197873410108392,0.22387331026052737,0.38093916231288383,0.3750501057284451,-0.19434627205978844,0.10971804217575803,-0.4726638872626658,-0.31535552435388564,-0.4064526062805765,-0.08231624971365621,-0.36590071352767906,-0.31138190818885125,-0.42255414603322544,-0.16418956774639842,-0.13066735906234414,-0.1629242343626005,0.18454839127404515,-0.04711822745925116,0.04994535718062841,-0.40440069439970566,-0.36893552158743426,-0.23209940543905064,-0.13210958327008715,-0.2573115341099498,-0.28971509970741244,-0.47304728533713686,-0.3299674230613929,-0.32769341926883105,-0.1049452557263045,0.06640612215318921,0.04732770500730133,0.20998089036110543,-0.37200125681636814,-0.31361398175456584,-0.24868288280314443,0.7459877418703752,1.0,0.18965074565487564,0.37439754662423624,0.49540866510906767,0.2776971976156776,0.3097603232535396,-0.0423013932578173,-0.2226314926746205,-0.15158391956598555,0.2963574784118878,0.14261804870291087,0.07835206232821479,-0.054951041564426206,0.24010990479750463,-0.09306147716290326,-0.10465457138332385,-0.09135872822251827,-0.006627953002513583,-0.21468169967546571,-0.11977610933268776,-0.01553757551731038,-0.10841563971350338,-0.16690878169744128,0.33647871304584864,0.2865641190263681,0.34865160704534814,0.5944787617853249,0.6318461220325153,0.2494940121078736,-0.02556856027924191,0.40668752144220344,0.1324164699224052,0.1052044248203873,-0.1766619367443064,-0.31625484632587186,-0.08288813467532398,-0.35115037604458,-0.07372027920927142,0.3073105010050702,0.6044632295420312,0.08780245586415927,-0.1613267271170352,0.114490745479889,-0.10543491780456651,-0.04919735220168072,0.1691283590407242,-0.34482636010948287,-0.21990190538602075,-0.39957226016683384,-0.4111209775782743,-0.4547866429652817,-0.4738375085020208,-0.40628308268145213,-0.34055857116740007,-0.5625470252371554,-0.4513765293712703,-0.13167615578988565,-0.19401888225163705,-0.4915136434913144,-0.5043693929107094,-0.29723908308124897,-0.17039801027945384,0.4085430243386468,0.245617320095772,0.07728412813548324,-0.34024496391031217,-0.0795611640431806,0.11443161357795557,0.3706561059403193,0.21096037327481007,0.1687929018775937,0.2525339381392863,0.302849455401882,-0.06117895012596956,0.07050698144416663,0.07676539940879705,0.0013999451864696903,-0.029197824917020464,0.190353798677358,-0.07868662748821134,-0.06037880390338215,-0.11106370310028428,-0.03101237506409064,-0.047725611688974046,-0.0622780841628635,-0.08337673159895939,0.1045423955100396,0.07346318047137756,-0.0564348419288815,-0.14598175481564227,-0.39728600104193235,-0.42054774888615226,-0.3564487218619103,-0.37741815475450446,-0.2764062654806346,-0.33441527312638325,-0.112248400217779,0.386956502382306,-0.04614956091631876,0.6121523875456619,0.5506861232863758,0.481413662290993,0.6430423316582624,-0.12539482706054286,0.10945390554334232,0.4730441767681597,-0.032641476805855614,0.38323003512994486,-0.2526379026313419,-0.09373820695976162,-0.14883246754174273,-0.38823445034562326,-0.07882641064640186,-0.013576601208961384,-0.07210492804989797,0.2133580450995841,0.053445480099511965,0.1051467185243078,0.11042758728345543,0.10259974780109676,-0.18224055876889603,-0.03421996822569411,0.018805943307325722,-0.2812484641955777,-0.22324528426409063,-0.4185231761145287,-0.1519499778133566,-0.12545388588370432,-0.15304352967754567,-0.03997378576484852,0.26056768518308104,0.2235471535746628,0.254661642617911,0.397537446644446,0.25106248714641555,0.01142208525803696,0.05901135577536899,-0.5688374666496224,-0.123073124593404,-0.3470579138697773,-0.018823275925375502,-0.2654991846656924,-0.18870440422612927,-0.40943010190942486,-0.10707270590383099,-0.151318346203007,0.030962060101038764,0.29972070736478174,0.15789687153819715,0.07812744779843758,-0.2975050780618855,-0.17717223950912211,-0.1399420849032288,-0.2659615129548957,-0.27081140393513614,-0.46400237813922807,-0.4815970606375176,-0.38608489299468807,-0.4700354302828059,-0.1599708634357194,0.12920489130804355,0.2640620363366644,0.17496156743018043,-0.37708537128925096,-0.4286566228239645,-0.31864272385329934,0.18965074565487564,1.0,0.7794694076515021,0.6273531650062052,0.526563915829016,0.16273377602973516,0.5243885838828115,0.1291978666595739,0.46046910154076465,0.319575141322654,0.3596634505756901,0.03848940408939351,0.38638872276990816,-0.29187626198334493,-0.4998808064571864,-0.4403719811032916,-0.5064745581550302,0.04247875215508496,0.12955686326139967,0.1405785871125686,0.11943716813230272,0.0422120434073946,0.19652545370208857,0.2355867772668108,-0.0357007674543636,-0.11979980512390212,0.13672700299752044,0.23136902023855116,-0.009788290811830172,-0.1477151581322186,0.2278614756121232,-0.30782401639997087,-0.06221006221825252,-0.2680274097420668,-0.33298941820947814,-0.3578650023392739,-0.1988387608144312,-0.3730974115670422,-0.025556184509480717,0.09537034430153143,-0.2768394343371228,-0.11579190209759915,-0.22695133777084064,0.09405507124086296,-0.36600343277601166,-0.26982161697728924,-0.1369799048191311,-0.2669884914160365,-0.5089737243255644,0.08456583790924493,-0.13479143457168283,0.019878237237929773,-0.15281017788128942,0.030727971618756525,-0.20185349973602737,-0.22629370238391563,-0.5482257857605828,-0.2693030883467027,-0.33474736671029875,-0.2708163112233623,-0.14775570544037525,-0.023402508225097804,-0.08976841949380403,0.1614423661680112,0.10755684797438136,0.18312392814731965,0.04277658192560313,-0.07253163215819332,0.18036565438207303,-0.05829545426167261,-0.37514276763590415,-0.043054810859469,-0.14541413708422454,0.16745115746164263,0.19002832964007227,-0.038877685278653686,0.239893894707574,0.32640685248134743,-0.08975841265250915,0.7537039278906371,0.5078829256859123,0.4664601515947456,0.5951689910235295,0.456384426751366,0.6017607845139741,0.5832489743940289,0.6120330803693876,0.5070154295487317,0.5536191320182182,0.43059233716221207,0.3862861141261565,0.2634324213982828,0.38615803713361346,0.36778832689371493,0.41333765480299767,0.43415136601507454,0.39713307562131894,0.019922909653202335,0.07767919284148139,-0.05101002011530869,-0.0019550293259718112,0.12467094822019292,0.3939344372298057,0.5472817440221042,0.8116867028707334,0.45110614410853167,0.6482183963303285,0.23177778194067308,0.38264938356224104,-0.29381292265260206,0.1583137014855854,0.11469037960761012,0.15399214240519696,0.26068236234734493,0.408878100420968,0.07140517002505764,0.054693358130480194,-0.42151417592335727,-0.19020619890850785,-0.3210962156967711,-0.5313442421574219,-0.4408887765243806,-0.5312646967376075,-0.06929250998955953,-0.1817012316440236,-0.045357185824297715,-0.24340597306458184,0.230411460266776,0.1028184494678214,0.015380450629957835,0.10589756920607424,-0.18616892208543837,0.15507675292810505,0.0024482235357726942,-0.14486281223277925,-0.41789334583624593,-0.1749272497052717,0.0054818157680633925,-0.5332302237754617,-0.3632321052139516,-0.38721097966462553,-0.47995585030432486,-0.5368052284617837,-0.33948530998703247,-0.5405841217670617,-0.6592321631764407,-0.43273451920898576,-0.08174772114074089,-0.2311632805067768,-0.3172084151824033,-0.5718242377418016,-0.38093240106868137,-0.13765141680646667,-0.6288513626762293,-0.49500068894490074,-0.4232840660580814,-0.3108852290975805,0.10766150325157,-0.24595832922430755,-0.498400696006284,-0.284793167666849,0.049178313129589805,-0.12349191899991864,0.11212511137346581,-0.00569338877199269,-0.2860598968376006,0.7794694076515021,1.0,0.6303685240437025,0.5239680665793945,0.0702857765486659,0.2041368850142413,0.11589096047198388,0.24952834133301896,0.20150814181404156,0.267987472754672,0.01089463411483481,0.2069508978849376,-0.09595304957718732,-0.418704077718572,-0.36872743067159214,-0.3328238448717625,0.23973657192277711,0.22250595511422597,0.28428273537490534,0.26008851229184576,0.2295458456293544,0.2163649299971224,0.3441208012149924,0.27204552704990614,0.2947676635611728,0.4336542990949671,0.30910544961312814,0.26544043271186946,-0.001114623947249947,0.4002890027564903,0.028679346553548788,-0.0467279533412278,-0.0650277049545972,-0.2592602141944339,-0.2245390904980712,-0.050547834255402296,-0.1403454926989172,0.07884321874458007,0.25983298254569404,-0.14083506103184323,-0.03807458913344006,-0.018984004783467685,0.12723378266539476,-0.18290769254271888,0.0024481494937972225,-0.2076165821374464,-0.06325777721233873,-0.4958043028569579,0.021760270251960732,-0.181164055700813,-0.0757781402067091,-0.14500651847469012,0.06948764770810335,-0.2700190412494505,-0.2759345948729793,-0.27243995480622607,-0.08472497013296998,-0.3783375384619023,-0.2489543696442432,-0.134881363002969,0.057542973818631375,0.08741126487004525,0.2049719854187888,0.25543973796937847,0.21308663649605128,0.07483127651463171,-0.21370871261047017,0.0726541881992071,-0.01375362662387183,-0.29330428901177974,-0.13949146863593495,-0.13659999966045136,-0.02122763178254564,0.23619123275936435,-0.036269592806491835,0.2482007633499296,0.16943657754709643,-0.15470534354032228,0.614280579431138,0.31126928987543184,0.29261474128277404,0.466521504668368,0.33859638082566823,0.4561810126003784,0.48745425979471846,0.37545735551635984,0.4445325631211807,0.4115740591457622,0.2904443565348529,0.3077749344356042,0.17084309920457347,0.2508499590955573,0.216213256374512,0.1164162579303587,0.1718409298710681,0.1454028409848548,0.11851940960355492,-0.21251367242417185,0.061903812810682315,0.10714125061500349,0.044158896246231774,0.32242300660415935,0.15420230904354126,0.7239113362461372,0.397469965930504,0.547212872515604,0.08685141596060425,0.08578708648771628,-0.3984703489896692,0.25671347314843207,0.15473133387333696,0.02243818652356457,0.1576495441218842,0.267564156216115,0.10499421574537222,-0.024132244654991208,-0.3854852714995909,-0.027802367348488448,-0.32360556014631847,-0.48606351808533904,-0.3612142564161787,-0.3548681847307718,0.0369634691518885,-0.18721442303961827,-0.17750968487178903,-0.19149871482045433,0.30454297075546366,0.1466290387858766,0.10886605296768725,0.1502805876278671,0.034242346114165566,0.3410541365693702,0.0673486126451086,-0.1959962554688746,-0.3567072282381556,-0.012653551021004704,-0.1289867574319712,-0.4265435090716355,-0.3789297457478304,-0.1762525260311501,-0.4139580984059884,-0.574017265627904,-0.3330446534780391,-0.44575285504798334,-0.5077175293047583,-0.28253608900659394,-0.028310333846989746,-0.13713234416806983,-0.23791195694370076,-0.595097060180667,-0.3457095286374916,-0.1473454772274008,-0.6283690324616589,-0.46807653469400673,-0.5494401164770921,-0.4445833597445302,-0.003625256269473813,-0.44307155567144,-0.5101130464999372,-0.37306500789475494,0.07348525071375797,-0.11758726636064445,0.02131232504965276,-0.13176832667609667,-0.41706678776705297,0.6303685240437025,1.0,0.7436955484693264,0.34079190511389373,0.13446086740823393,-0.10566665808524527,0.26333256401503297,0.05494708605674151,0.44971663454395944,0.031298146240248716,0.3945967375306783,-0.2579501227331704,-0.38743656628404577,-0.3939033249575976,-0.4606155070937916,-0.16462377302451156,-0.10231039839620996,-0.07432931556774396,0.07544954517929905,0.007669504603911839,0.03779204292958116,0.03367724791204095,-0.08746814959037462,-0.11158412583627556,0.0920364099610888,0.27258745823611846,-0.198587053034648,-0.2010226884860463,-0.05581169106288888,-0.24873545048717727,-0.28895415984806294,-0.29533281280605544,-0.30772387287843883,-0.2847320840699735,-0.29642082872691383,-0.367033790064919,-0.10637463553494396,0.31296823084356445,-0.33682658002046445,-0.06946915466396908,-0.1596000366190415,0.04955622346515614,-0.37419973313555543,-0.0990035288291004,-0.08438503714686164,-0.3333927154793902,-0.47675421552653224,-0.026796364392735576,-0.24988754627419288,-0.1090305908449434,-0.26654643751068174,-0.04157835653219159,-0.43186572692575026,-0.2864984612488266,-0.537369856291661,-0.18856584614035823,-0.35699063832426087,-0.400652241555738,-0.3005325422927573,-0.046810598238992696,-0.04551299627207935,0.1262201984543554,0.0451000514478762,0.08618707546737817,-0.10578108196723685,0.09679210648874396,0.2928109757092434,0.10647440990515084,-0.23603846854365315,0.25848015479187497,0.15980616344961,0.1776862995159521,0.21368884650313105,0.07809153070642116,0.28513716261091004,0.46485709563098726,0.2364251546272148,0.615007663499835,0.5714393627092677,0.43589805138118376,0.6040965672800112,0.64820301450338,0.6260642345537057,0.6546685765392863,0.6247464115755124,0.6176632021009977,0.5701461415299481,0.5248916502103274,0.09075609668878576,-0.022935842986316256,0.184844411201234,0.12351226237155533,0.2675402421078393,0.2734629096417454,0.38593277972868784,-0.037847993637110486,0.12511458895427935,0.12059005422400436,0.1978030939992636,0.24253037554914453,0.6156024936375214,0.3491173549538234,0.6608732579592591,0.5882026721804523,0.6494531559288831,0.3473090169973459,0.18095311607552053,-0.08643577345780341,-0.01648840121276773,-0.16462590511100894,0.012849621808455738,0.2539670732809268,0.45672586151325933,0.17518218107345707,0.1496075318519176,-0.35060836007322727,-0.36620384103855746,-0.31047771937698687,-0.42341364125340414,-0.3308050860925126,-0.45390983429273374,-0.2616415356466564,-0.3361572107764351,-0.2308312260402078,-0.3647578819887008,0.24115067266390236,-0.17102643121796965,0.01424658401737093,0.0180740972310377,-0.217593554730582,-0.018157325083729605,-0.06542055790143554,-0.19122247080427468,-0.4595684960684577,-0.39733624660738176,-0.20167276943749615,-0.5326608214536673,-0.3511688440670109,-0.4415475383038189,-0.551426955197209,-0.5839448612705803,-0.44391485484765214,-0.5679693418887862,-0.683089373525801,-0.4481857173843256,-0.13258503016173506,-0.18449241159030652,-0.3752431131560472,-0.5256477489902531,-0.41743277869599416,-0.25959447272936026,-0.5893058049385153,-0.532692754105638,-0.6253650738208865,-0.40662552772212984,0.043657526463769525,-0.34916989722791886,-0.48686533468603965,-0.1291707672766526,-0.015411759020008277,-0.027490261225337077,-0.06436349481809457,-0.12467430706177356,-0.3435283385371351,0.7436955484693264,1.0,0.1991018367395878,0.08403528182168686,-0.015898740793669267,0.17812424161778304,-0.1290753441137255,0.6562289660703817,0.1829417202899304,0.4384964487404976,-0.3791014374638087,-0.44286792331809927,-0.40488562353347296,-0.3671885866650589,-0.24205051879025652,0.07250579206718166,0.053699954877112495,0.24528145733180437,0.06910638621583072,0.1044662243090465,-0.08455396543517897,-0.22644732357145805,-0.210626938339664,-0.05386280776291849,0.2059906257031532,-0.34676657341255607,-0.19500540160056176,-0.17759140229976184,-0.30254139714407424,-0.31285091244112023,-0.2584051018115346,-0.2512165981701472,-0.290393610367742,-0.26716986766213946,-0.4634685016222769,-0.1605251986208815,0.3964553569655544,-0.27750596865236066,-0.03827795383739847,-0.2131708439004052,0.1345223355722071,-0.36887844569181183,-0.12026629204357636,-0.047894207105713786,-0.2900252896343439,-0.4323920195909914,0.15162967684512726,-0.10026734485938853,0.008943685729173728,-0.1143149026961204,0.02149364957160764,-0.26848257725153146,-0.16231418395608208,-0.4996138126176356,-0.11221416814184439,-0.19059953151937492,-0.2857551140676214,-0.16536251804436286,0.014032461250155512,-0.13635418390988138,0.13800506473162755,0.14957153256250355,0.2188669845596873,-0.09028444205610311,0.05278378674336353,0.17193156026481185,0.1855265808945696,-0.3017157996813387,0.15443378733470017,0.10728166871148163,0.20955234149623417,0.4042054591702444,0.23430452029093815,0.4776307603396624,0.4291744525919501,0.04664199151034476,0.5602662148077613,0.5244431016281547,0.4944007047259231,0.5462333838293858,0.6349867290411809,0.6135877125681809,0.6980059835565989,0.5721759904431885,0.7408094320715543,0.6785736135866222,0.6313211484568615,0.32758517636524415,0.18807619733904696,0.29405996648444027,0.29908437632015694,0.2381089746233768,0.30754943134940915,0.3325704167958166,-0.22329568501742317,-0.04878002200753244,-0.05042850840115103,-0.011271994416802072,-0.05914137113432463,0.3895346691884655,0.2232876055047324,0.5248250979689103,0.6654681744181088,0.7884739121923413,0.15278444574640415,0.2128231380771101,-0.2168407019905645,0.09495316781377265,0.06099227531847405,-0.05634980517625007,0.3806875453122709,0.45631812148619144,0.29954903681325273,0.23732248462967367,-0.38364376184165955,-0.6005062508007843,-0.4750206234482116,-0.35535001361216184,-0.35023110329535395,-0.39156118686084407,-0.09808778149223182,-0.3629166259683616,-0.1816021940385344,-0.4170844496154088,0.3534902130606585,0.06163182144664702,0.14471059323168445,-0.018778032844849742,-0.40784896580284913,-0.21583085973309535,-0.15600883958425327,-0.4224375389179388,-0.5881511801422019,-0.2974800176117792,-0.035475380643084316,-0.6728714265827933,-0.42087484171180073,-0.5692385945402845,-0.6654234892071785,-0.6984404837375758,-0.5083980177372401,-0.7035372769635165,-0.6884358427846132,-0.6002646103247555,-0.24677107597265477,-0.17363081819029466,-0.35530584480136923,-0.5458633843613079,-0.5123213123374898,-0.2497022630432568,-0.5922995330354196,-0.4683405700341051,-0.6677612199748245,-0.275123505324187,0.2366000995434857,-0.3652833028886729,-0.453217564673097,-0.25937771583592184,-0.022094964952935937,-0.09515827275809384,0.08636678432560099,0.011485089664972687,-0.24705138496130863,0.19910183673958784,1.0,0.1249143637200306,-0.07033555693940567,0.02525486560197404,0.3236326708189992,0.40162030076489297,0.4253474355697516,0.42776246721715777,-0.12673070734914227,0.06399098675705815,0.08503085653075379,-0.048841698576557215,-0.3915313121197941,-0.2982438571243862,-0.29219652014336994,-0.08676028533892792,-0.08696896430334398,-0.11030179422855048,-0.1767662753577967,-0.40614280923096846,-0.228467759032141,-0.10439628345118292,0.5316339294372676,-0.17359566475020985,-0.20470248240929736,-0.05347762147733743,0.01943618123262168,-0.027678183326506813,-0.40956693551503776,-0.4808019511655954,-0.21827863770502784,-0.44338548923428167,-0.05060473240745845,-0.19038543023307009,0.19070699790426632,-0.33129856924511,-0.3341046714428999,-0.061514465503532186,-0.32155340857931913,-0.4663220141652324,-0.22893495465091704,-0.053724507709400474,-0.48270847307285186,-0.20847206554330747,-0.19186331312588667,-0.37911723844657014,-0.1874516870665528,-0.39018301237401376,-0.28230874366291614,-0.35621582844370087,-0.2886903829874176,-0.273178361089592,0.004806643853730443,-0.2003792498594214,-0.31779171243464294,-0.32349453429195496,-0.0259377192364596,-0.13216979063084172,-0.02827236135023241,-0.1755054076785647,-0.10989549902337588,-0.07842129150304326,0.32902795913949384,0.15643792048963703,0.2776734040015823,-0.006178949597994605,0.3386326668841128,0.27931559230395425,0.33090643755441485,0.3270206237215161,0.3460445048447793,0.3824077582027543,0.4121680203165232,0.327764623230324,0.10138617071596492,0.38550786570776624,0.20479908182609127,0.24629508189999025,0.23380533732053463,0.21915541541536707,0.19902693969331453,0.4496117097266126,0.1538189494182066,0.188048503168776,0.17356733709072725,-0.2069068099725956,-0.3267951288534902,-0.12061921905073485,-0.1000381630602296,0.12574546201231304,0.09180689070832743,0.25276233786492713,-0.13629812314667938,0.25618298888235747,0.12659244269435344,0.21525139219852035,0.3463354271306763,0.4803628240551068,0.16455914454306547,0.11494313243423789,0.4068839041833384,0.07376826650936595,0.739674915567112,-0.029781791661570176,0.3265190599370244,-0.1360715407576258,-0.2532098429334977,0.05392685405670677,0.3118497461478248,0.3094171605699709,0.14428908276813393,0.4469173211838479,-0.040674912260060286,-0.2621173878733505,0.08409016031160715,-0.0408420623678177,0.0927371453552026,-0.039893263178793215,-0.42381687877617547,-0.5003884653194268,-0.38005031542403805,-0.46855664797557944,-0.0049928139670140205,-0.14383530268557404,0.10028128613152408,-0.14636319157906325,-0.23851114472647716,-0.12346943914157658,0.3795038111342689,0.17221025258169423,-0.17913017928433944,-0.024444354022752426,-0.3682743658515427,-0.37313223413422886,-0.4760729281131607,-0.34658060831069537,-0.36272027835339354,-0.22735868166691567,-0.5013735715557219,-0.08423256915322079,-0.1854114966700772,-0.23834729927693593,-0.13580383841516455,-0.14641448354659647,-0.2821032205015879,-0.26005301347155046,-0.23359681003809749,-0.47797068007497423,-0.16468019445493098,-0.08189403232556525,-0.3966481488684453,-0.36405847611024306,-0.16177167214368748,-0.4055033663082888,-0.07153367136636948,0.10599480248827951,-0.024177737722746128,0.13393660489602963,-0.11923205317303492,-0.14230119818762607,-0.05950621880381301,0.1249143637200306,1.0,0.39863574130513935,0.5938900430475749,0.634170615514263,0.27179445378532835,0.3860312526875861,0.4348614822309021,0.14156881755499265,-0.11496556893548993,0.17159184279744516,-0.05297393179562805,-0.10832632019268976,-0.3161166874990131,-0.13259009127889207,-0.14397803061040604,-0.30668058443759566,0.08777120117434353,0.3064643431641661,-0.11209984013600909,-0.22193255667915252,0.056332650509907184,0.05160393394331301,-0.014521875676652038,-0.3463227417852805,0.1476940667009988,-0.3992283099814335,0.2110683564793819,-0.2819129377635182,-0.14802207107388576,-0.42601050079573816,-0.27827965591700143,-0.165326632969851,0.10575286074137764,-0.08197949281476785,0.04410901269055448,-0.1908327977525582,-0.3175142243729615,-0.10277752489823712,-0.05125022590512377,-0.35146756972517845,-0.1483412073898014,-0.3066251558896485,-0.1309942746274406,-0.13647806318756997,-0.13160724397195753,-0.07687933456357948,-0.1978933727326516,-0.1400126570841773,-0.1033569053674726,-0.2102520231558536,-0.4142059827088844,-0.29644070883454887,-0.17733982080792146,-0.08108166742940753,-0.23750745123822267,-0.198042142970546,-0.020936035251367665,0.04384339150612834,-0.32036286954823645,-0.033346711268380014,0.1169282229813356,0.10421623178478946,0.2583635176555594,-0.16013051360443187,-0.29999136024751916,-0.00590551062099687,-0.09253022078964335,0.2519725595765132,0.05301084471318172,-0.04478573269577999,0.05220189508727482,0.24742615748020627,0.015942971039172613,0.38315602228280743,0.20113033428139632,0.18218694512818528,0.08280330355706543,0.00248703327278836,0.08619545736893283,0.048431282912550624,0.2732265264480509,0.015644925407333296,0.0931654579900656,0.005323766079787476,0.11795192684596865,-0.04757225959946875,0.2138768210510646,0.1702076301238639,0.36711022274267135,0.22461041937749288,0.11386937175465496,0.1355660675524498,0.4454871428557264,0.06699307451570866,0.09971247183622074,0.25782323133785484,0.23271495279891843,0.7079348224043477,0.44885331293997327,0.1979524131482194,0.21705400007936884,0.1668499091537447,0.6629359166836158,0.0565825445802336,0.1121148852050698,0.2065914430770724,0.6346028572849697,0.4112589526426293,0.12205846417498138,0.16006704801874955,0.3135209939103575,0.1910563671555658,0.14076746886670907,0.16895498048563704,0.019026172877105015,0.13226431910307607,0.05658233461152385,-0.3922108851916329,-0.08075244852391437,-0.12714761319468867,-0.1921637322846816,-0.2640365762589648,-0.053960825530464704,-0.14747214315662469,-0.04692007910915261,-0.10652121030235998,0.17360047028771464,0.04877936031621194,0.3396853094639356,-0.18891803668184545,0.09448448658698909,-0.18458024155873953,-0.29378747321670795,-0.17760229807002728,-0.04281333825798709,-0.21163340849590848,-0.20035312298946076,-0.1244602470634827,0.0026514305181006546,-0.1581993773916198,-0.20186462218404844,0.1325247455562188,-0.13504815791782024,0.09967237685782641,-0.13147920363535076,-0.21203960309216344,0.07716378878221583,-0.06878357919336502,-0.0026004858546121814,-0.008051407692968303,-0.12727070241840444,-0.17243932797124042,-0.0868617475001911,-0.1514903554152914,-0.011287690486159112,0.11600908486761238,-0.0892312949227038,-0.026400616795898457,-0.07343146663761842,-0.054510209263596496,0.39863574130513935,1.0,0.4035239119333033,0.4046511966478876,0.2092320728510684,0.3359975068079186,0.2387736885891928,0.04731090076542832,0.07798112573212547,0.43692042688735294,0.33122566402599407,0.23170275748435165,0.025234757357555593,0.17155279494989628,0.16512425690336507,0.13266342022676864,0.3624341260709136,0.20222308720115123,-0.035405906570329514,0.03656702706389234,0.04425971423472328,-0.06772404797674438,0.2003324343542568,-0.07221696824471945,0.2213461860478887,-0.09817018388842333,0.22751168565197996,0.04519854165791205,-0.05779400711838927,-0.2140933419749218,0.20322914208717285,0.24064956540002116,-0.030326990590359607,0.009179345541746289,0.07986582227696834,-0.15051112674879466,-0.06274603847254531,-0.0796142335952877,0.06415720758660565,0.04336094586065408,-0.0971322982059873,0.12887016235470447,0.090341113592664,0.03105448660690148,0.06217315695077213,0.1323681846901708,-0.07069043826188426,-0.08823973092448893,0.037973296567912256,-0.13072860288589194,0.016210610808110256,0.07743038536019149,0.22451175027147585,0.2164243828749924,0.04420484279506134,0.09548549003366665,-0.043232235166699495,-0.05460334169964455,0.01813507625952044,0.18284664920681887,0.17470639902537027,-0.22591950494785407,-0.20214893926877303,-0.3060295402647752,-0.3800736486521839,-0.37976964110458405,-0.3460649170009092,-0.03988164357230852,0.20350230055149376,-0.0745363780784886,0.2019409358014104,0.05887704226362672,-0.19144139778275063,0.14674727052877015,0.0813270327714126,0.10326547825280824,-0.0176162410719055,-0.060059866836133055,-0.004959549338825007,-0.009892301282592188,-0.08178947332379297,0.04800324584468892,0.08673086035799636,0.03655596010425385,0.3591180782577435,0.244508130871377,0.36629993730792926,0.32787419432389425,0.22960685231824884,0.25831339886803756,0.07714527515382957,-0.03246867317784426,0.0379181576143855,-0.2387375466001,-0.20687381162389973,-0.2292720346258789,-0.2255249835938764,0.15496303301133812,0.1326154102557585,-0.15277715113768103,-0.059133655613955456,-0.20406353266314703,0.22214752576169153,-0.07369428078699705,0.48362261680824065,0.583679107322539,0.41744130364317433,0.2687828133306892,0.167546167203935,0.10748449766277635,0.0815983891190839,0.007492143177155587,0.15536215059443553,-0.07340762139723157,0.3355390675157773,0.2820858480210321,0.2821635608608571,0.04856655978243826,0.14503749110863196,-0.0022900475389383687,0.018687725959908762,0.12213004966962109,0.326111706068384,0.3299795474469219,-0.004296491377407608,-0.12536362043749005,0.06761117573997544,-0.15324115856068543,0.08013844749322868,-0.07241940391279329,0.38938585603415826,0.06523645108991043,-0.1588593522017425,-0.1923033857355468,0.041779983908602894,-0.04959945218602196,-0.2066228419864608,0.1577282903614402,0.08129069791542742,0.10115392041714644,-0.11365008730558704,-0.07519868650903341,-0.08297060537090654,0.03442691832871846,-0.08447312125213469,-0.18646391688747624,-0.03554558352521021,0.12503325509347932,0.2444924472103952,0.08740200191813595,-0.051632322873979807,0.07540660075264592,-0.16594246388670067,0.09660741130063949,-0.2861103368958845,-0.03374384105328049,-0.12364684371001235,0.32301545166021584,0.16895643822136935,0.13536830464822194,0.4035239119333033,1.0,0.38781618210443136,0.21081549282397424,0.38145921256694215,0.59722447800928,-0.2549062478332811,-0.12761126907222414,0.1131540273514398,-0.0541112905572164,0.007233135850408962,-0.04828639023884108,-0.0919417102397128,-0.0958724889661964,-0.22683452226661377,0.19707297524606324,-0.050459737848192576,-0.17732373282956873,-0.23327438493761224,-0.10380961500254732,-0.17648132183934492,-0.1416194144869964,-0.40004653819956304,0.02770577275780533,-0.4485787582238632,0.022974680094599964,-0.08572002737116563,-0.04146560330081588,-0.4713178540679868,-0.045025623950131675,-0.10180914751079329,-0.16842574290110315,-0.3087711081484608,-0.070255543117838,-0.14429167959789943,-0.30905194027654254,-0.05298312234124692,-0.12610214867954983,-0.474401998080474,0.018473172822491463,-0.2078176467505493,-0.057593400780490696,-0.04588516401116654,0.014728098752007888,-0.04790070250360698,-0.13793330613644167,-0.019181639834796503,-0.04207443955657619,-0.09655013008629118,-0.33381938780041753,-0.15482319351435783,-0.030896792586348806,0.05683300422828621,-0.20526533587450776,-0.08980766843402366,-0.2939880065092685,-0.18771528971472903,-0.28791340654145053,0.10749327207259735,-0.24397484614460632,0.03624660642465054,0.0427398247716306,-0.2149814411758208,-0.4737161827809928,0.0013714676637668084,-0.11677440307615976,0.28375158820084406,0.04246286297228271,-0.055653592249019695,0.11363836272490666,0.3619441361231325,0.08586894608390161,0.5741688312535684,0.5742880294992673,0.5493160477988603,0.42826493244573327,0.331974496292964,0.43031280698798713,0.31805557701612924,0.40273639012127543,0.16118302873421364,0.31334398269062286,0.369303271278788,0.37610344415053615,0.14488831132304375,0.6271678227539235,0.3861576740240621,0.7171142721913101,0.5860442218971169,0.44836968056260257,-0.13414731849851516,0.2917421593703267,-0.21701403168539368,-0.14282932351771133,0.0481766500056119,0.15459879042576943,0.6754637885642036,0.5072166723089178,0.025743192996392043,0.3408719747124927,0.1814222896700209,0.6803252940507678,0.13286127162845787,0.20497663807405625,0.3686916325874698,0.7353309554873632,0.6113064740670229,0.47551160297535766,0.03173120452647354,0.4416779904853612,-0.04388189093483935,-0.06990058834935538,-0.019811965359066742,0.07308320113472301,0.06373921357354252,0.029955272891118993,-0.21427722708418112,0.06459329688318273,-0.07150037607080219,-0.30091950640445286,-0.02757515877101064,0.0065379964349697684,-0.15350598998315104,-0.21798775054444516,-0.3386566910827761,0.062168321812661985,-0.2473711098954988,0.11452573414108574,-0.4125655517256084,-0.13245661821215116,-0.00602869806299291,-0.3495201594290524,-0.1053049093045016,-0.14941662817772516,-0.23538532561597045,-0.37414958537020737,0.02443248043086997,-0.14426774557464483,-0.22610573228593345,-0.34396103609158835,-0.17822818793554895,-0.3862003139256459,-0.12273799292098989,-0.2649904544837457,-0.32570608221386066,-0.03690268819204109,-0.09654522910642407,0.018792169060071532,-0.0163586718217677,-0.10566418291310029,-0.06694808785723823,0.037350830398033386,-0.19026540460693964,-0.28232342644656916,-0.1890521898225151,-0.1582379886139898,0.04444741362072204,0.06257925113482601,-0.22793940589130207,0.38781618210443136,1.0,0.14564709307362603,0.477160558225786,0.25285931411294554,0.396355916414271,0.18896229301194248,0.38463322196085353,0.21973469021727005,0.14374211306678883,-0.2742373124118177,0.01605468278902792,-0.08831060852556077,-0.24949763976286116,0.07875403752231054,0.4336933235025824,-0.00783175713733774,0.1613114930990538,0.3634812175850773,0.4604275075289854,0.39416203541806233,-0.20045250240895604,0.5346692066199842,-0.011164858821314136,0.3536218285121431,-0.26671261414285247,-0.3236334531970391,-0.35520622844774286,-0.24490142576496177,0.21529293341413996,0.18724955186625336,0.14605070941559725,0.1470263818358756,-0.3666077634525514,-0.08206289461905383,-0.32922153678604366,-0.059282591794479166,-0.20387574394794905,-0.2801894691232584,-0.26890856316488904,-0.11600194144140163,-0.4056781583177624,-0.3404595226729458,-0.3458507183337673,-0.3985038816237377,-0.3211763713536511,-0.28407701362873244,-0.3947400583393534,-0.1360130795593977,-0.07587644042188739,-0.23092482568727132,-0.09889141550752983,-0.28182536826776294,0.016088567984588013,0.16166078108906667,0.06253258691437807,-0.24724015871532207,-0.1760221782379545,0.07918446695337052,0.005011196896465366,0.14562679220861133,-0.1348757963590861,-0.049821225481901515,-0.11049484178993468,-0.06599673799943613,0.0858105385339583,-0.04220978382068492,-0.05191303617453404,-0.02576456834175766,0.02256175403886393,0.014259111583154937,0.07202625368330987,0.05351565858980068,0.027588529727183543,-0.0883728005291412,-0.22141018517650324,-0.12240784432103624,-0.20018649112141776,0.09083015934223401,-0.17095690647730083,-0.1444622515689674,-0.2262903980034053,-0.16732701028153715,-0.28330930288054246,-0.07273309192372017,-0.12014117576212265,0.09439906110639008,-0.028346533983808132,0.00979658516082003,0.35053029380762785,0.2691196913771636,0.24835404767036687,0.3002916177615153,0.3786021261534463,0.3034731984797963,0.3328623064785156,0.24476726137576077,0.12635200354354867,-0.1537444623132814,0.2791349441166201,0.259914933017778,0.16995955361901707,0.12059158271480556,0.05897853892520297,0.5620155977217675,0.28403477077782213,0.023663417003823434,0.16108257743153273,0.31306014604593996,0.36597902354533274,0.39678056176869464,0.32563526579376756,0.10902681237100646,0.32089116563631315,0.2786824289829996,-0.3863407421192374,-0.07018064109647543,-0.32050678092084633,-0.23468340251666167,-0.2907995489813526,0.02541478209810621,-0.042550331445636046,0.06297424110294346,0.08277070683374337,0.355423383556408,0.3578194061657234,0.6183284785618403,0.012255861132498484,0.3206262890783324,-0.5001775294845389,-0.178796020545303,-0.4149718523021045,0.10035400839274027,-0.1803029664243932,-0.12623788662646804,-0.1916049188686411,0.23651616146700585,0.08593979452692686,-0.06517769679592215,0.2024295839143364,-0.03847873219838836,0.10710612195341349,-0.23675840360335756,-0.2604585962357347,-0.18748560464089492,-0.022409532161431808,0.10226307408318028,-0.1193391132398994,-0.43663711902490704,-0.4106090792505738,-0.3484074593124412,0.07542239057909073,-0.06204774081172729,0.15071583570291203,-0.041836815376351824,-0.14048071361643572,-0.2665698335347647,-0.09450957468334241,0.14564709307362603,1.0,0.3861064187057359,0.42892662820559935,-0.23479425614409727,-0.244831931188496,-0.13455232379880447,-0.21050110827433377,-0.30493696268884973,-0.20980088793356236,-0.12207899674158348,0.07117059268252046,-0.09223470348183475,0.08565083048660894,0.09918944866374499,-0.2501734621783149,-0.30207798257050167,-0.09933420378291863,0.30450256853621344,-0.21851786351758876,-0.09729484462347539,-0.08189769110909152,-0.2472669229933384,-0.03394286655465108,-0.3458290498087743,-0.424189766874789,-0.22115597405350265,-0.41870111014906086,-0.3471361545912944,0.10023796127856809,0.38532686875043615,-0.0962065199585089,-0.09517769761327553,-0.10964394531428828,0.12011292056987796,-0.3152181701124475,0.050459208101444095,-0.14961240398281583,-0.271753347590123,-0.4243334167077842,-0.09512210950480454,-0.2854433389484458,-0.00010248721204264246,-0.18751131725223727,-0.12426183982483206,-0.32389500457447795,-0.3276230811756232,-0.47159711861986514,-0.31321011504831786,-0.1925496227942607,-0.41607994784709224,-0.17495342088852273,-0.020852275319258793,0.025979684730061035,0.3248782942998677,0.01697686193535389,0.07408700355595077,0.24118308693001075,0.22265086646561152,0.20370021293347265,0.12859908645265,-0.41580781119182486,0.12029252088846933,0.17198204189364988,0.34260176177617435,0.5195470370950663,0.33684555542373634,0.5343432420535588,0.5011317648512637,0.11257613570236363,0.3529423937016202,0.43679122824270417,0.4525522217725353,0.3851116466968921,0.46036967254101857,0.3959112169046164,0.4518608353996944,0.5283360682304845,0.5112004785396511,0.46614259044823286,0.4524303499860526,0.2473287344354962,0.10175121746948416,0.294758269032772,0.37746542535444866,0.29852495307985466,0.3260507948933271,0.27090627778633275,-0.24506585917958945,0.13224281957049672,0.014677892912882932,0.1456941145588746,0.009384353950692871,0.2553991558580946,0.28085976477482555,0.2738467281755492,0.6960052410371641,0.6073053713443535,0.20054809855220768,0.3728737251315235,-0.09053361718205832,0.056820419910639845,0.1360385554473844,0.11269804356324138,0.5612875493536731,0.4721340725475901,0.6162756721568449,0.3939447427059564,-0.18860341330360397,-0.4693477278169024,-0.28394398908763174,-0.14261292760409888,-0.006330540278126666,-0.20792650061996343,-0.20155310068015103,-0.39967508132191487,-0.3077068080711241,-0.3058592275754681,0.12274573207729628,-0.04223920843246161,0.143341607244683,-0.09201377068210731,-0.28849842955659977,-0.3828780031936233,-0.021002231991411623,-0.16492933847837787,-0.27080751326457975,-0.027047627160698716,-0.19280865778388248,-0.5668528647474989,-0.4927875789602988,-0.6252593836026086,-0.6224699158681516,-0.4645830262247154,-0.6024179374063096,-0.4254352777919975,-0.5031976385090468,-0.44428857097929086,0.012560171907770099,0.1617380957252021,-0.15341764880796127,-0.2816632573916416,-0.3843979112966392,-0.12029910260641724,-0.410353145454153,-0.24552514646101403,-0.6075340168199086,-0.21116746439755132,0.1271819798913489,-0.4375896486489578,-0.28871874027715194,0.0500907006892454,0.24706368864193723,0.06286602109595311,0.06517021074969741,-0.031100077075077608,-0.03900249416252705,0.3861064187057359,1.0,0.5821950036891985,0.1170591280362792,0.21194337126754972,0.4526878178712263,0.46248161165166807,-0.14379120860131586,-0.21593654304545343,-0.07731043880755782,0.04980796774677783,-0.18568476079113624,0.12260235341373894,-0.08338792169389268,-0.24884565135305964,-0.08261709744846403,-0.06451148791754462,0.22385888094917883,-0.019908049552142666,-0.4404396911539233,0.033398665797244174,-0.12365392218560312,0.23049732753442537,-0.3212380864330576,-0.22407722358212337,-0.4889577975858712,-0.3439355229215897,0.22273158036886848,-0.03849261327778864,0.1124842665450918,0.14292410296013153,-0.34593088094274627,-0.2446933241469764,-0.2657597949042485,-0.012844059961965528,-0.29970821818509763,-0.04854358876612203,-0.28885854916435183,0.11986477159912919,-0.2811160644478482,-0.19176782272037396,-0.3090074102983465,-0.3621307597718176,-0.3385914826143576,-0.185529746784888,-0.23568433769651104,-0.1063047383094853,0.09819851934471664,-0.009099656809292951,-0.08865955676147481,-0.39770989940430074,-0.05779451627909623,-0.21600102122609455,-0.1406229553872968,-0.2768133233510494,-0.06086229369146268,-0.2563469813831468,0.13925751157956012,0.02883463660458984,0.06249855419574121,-0.10930563322616572,0.050662742358028735,0.057609420615746046,0.2331283150467716,0.2604197064259056,0.21010358323478273,0.32910289332903164,0.26503906696470647,0.06267706109254144,0.14320386185678705,0.28910731938077977,0.2917383018241631,0.08062346800080465,0.0514350463269708,0.06383036942774799,0.04280147396539904,0.2194812924172733,0.03070203283951845,0.047244172546950965,0.07554308939563036,0.0690772671709435,-0.17123244460943146,0.15316929806625565,0.15795612086491823,0.25441487530219814,0.14589921197270447,0.10891382184733912,-0.09819645518426051,0.1920909050454561,0.022793815129263623,0.12386178576979429,0.07980108060473505,0.16708970941693177,0.20525878928593916,0.09709248581091304,0.209456722969478,0.056627901270833954,0.4326568289862916,0.2889225618617508,0.3605399188788515,0.12848418934051112,0.20279989149459748,0.5446708285616527,0.7283722743822211,0.3137538278297533,0.29103355046654283,0.7937523186850629,0.35807835854760806,-0.09212999083002169,0.28199104166065586,0.37547524376742675,0.3849163656506432,0.5184575800517163,-0.3405127503926339,-0.1490468274200888,-0.32258175769525355,-0.40308601917214304,-0.17627731685694276,0.06640548182784672,0.07891593029483139,-0.20739156938169956,-0.2976010469255953,-0.017807900233646697,0.11697682275586573,0.27717347332267733,-0.3033894244990652,0.28164869316180907,-0.3876064382187321,-0.3704731342112488,-0.39422158531625057,-0.05907976749982181,-0.2981091592569775,-0.2958095407845012,-0.31769640795928605,0.09018809618020177,0.07266987509569926,-0.29146658517938934,-0.07897879834811894,-0.21591244451115785,0.11450557561473589,-0.20976901921092952,-0.32813373746670965,-0.2095006413388014,0.13173211381129687,0.23325780954967207,-0.16125730200094163,-0.26995266135734974,-0.30745882437979216,-0.32580299253230793,0.07477151331648316,-0.2007814660647524,-0.03044156382559321,-0.04379022374742148,-0.11068574903015452,-0.07208877277579201,-0.02595347338766112,0.5821950036891985,1.0,-0.3003274321268156,-0.12269664428448177,0.0114854933317937,-0.12260672543223929,-0.26904896831303404,0.007752279526988542,-0.022906842014208527,0.0306097413308515,-0.10396800704065208,0.13877182268685417,-0.26989219377050944,-0.38611756245584417,-0.2769915898548626,-0.3144847010051419,0.12338105386524782,-0.3516712368328898,-0.4329648062694408,-0.13277729328427487,-0.394116336079522,-0.13223767397670103,-0.23474122651321963,-0.1288897402826866,-0.545497310987614,-0.15064966771777863,-0.1687230848811712,-0.382625908161728,-0.082689965148006,-0.3034183956699671,-0.16589335457574755,-0.3712921157554285,-0.13989476835926115,-0.3507762474933612,-0.5425947824543352,0.11998293458928576,-0.3304098277996674,-0.07139501422415931,0.07893400696096049,0.013478373826853044,0.04355134598303642,-0.12802155280253677,0.008768389275486595,-0.16608346454048595,-0.07540748894965314,-0.42415087992588896,0.07827253752345958,0.011409169414782904,0.019883082558570412,-0.27081421508345654,0.08176350633905152,-0.43151199458669304,-0.2705506803043751,-0.29026931167692194,0.29373899013280885,-0.2688448018861104,-0.022700012380076025,-0.013451373823736543,-0.1290940827993637,-0.3209996695588255,0.014317619035856603,-0.13115926869703096,0.239694308346154,0.14979398645063827,0.023652820705324283,0.30059494851793034,0.45284598127909287,0.03181673820965332,0.5286712879417241,0.7037978157838678,0.7234992913890419,0.5578319412635148,0.5168347773766424,0.603104539324776,0.5091209605355368,0.6946842640010141,0.3869160929247376,0.5744054250340939,0.6016504750549884,0.3571881996376248,0.11556372055235523,0.5026855426888953,0.40322610367512446,0.685197259215241,0.5951541643323033,0.6520919822407407,-0.2808124747164486,0.22029363183310896,-0.24557964369688665,-0.1429871248961524,-0.031857977344416484,0.28055440795550524,0.5622434421463061,0.44459885736859994,0.28951848949524744,0.4244175807835923,0.44669744995068206,0.5253259943936844,0.32180027478002887,0.19015042400685245,0.19566857366243157,0.49691411768694965,0.6929208004622913,0.661492598072877,0.09650028439988621,0.7005439462392897,-0.16949750785764844,-0.410527942080155,-0.0749100201548947,0.01933798043987713,-0.03917044501701703,-0.07420173833402105,-0.2545660650441686,-0.19628496099973444,-0.09404483390487256,-0.5411961369249617,0.169144485495543,0.12949718643605787,-0.10387480972593982,-0.3279414666174107,-0.5333935968639659,-0.09308319224784109,-0.09285234550849722,-0.01840117834532117,-0.6289781082033817,-0.20457086728410567,-0.04113945459373596,-0.6186551590162701,-0.36502349775684334,-0.39471523386796975,-0.41018450543477647,-0.5598804394242634,-0.2574890286024598,-0.28846236383749574,-0.4174494264845325,-0.5513173865372064,-0.4070505738614103,-0.533105688123442,-0.33813101384322963,-0.42279577059580586,-0.3925246640750643,-0.2992621494496821,-0.20105190563972744,-0.05897666202668042,-0.2799605624596987,-0.17823803324121393,0.04217019207990992,-0.15669637197220815,-0.18347655331421767,-0.3938675338481305,-0.3153573864572265,-0.3298569247157573,0.1568220557461615,0.21882257912019135,-0.05962695373832956,-0.3003274321268156,1.0,0.4535785323059423,0.42727363152954,0.43479270434320233,0.25836937333872984,-0.29843014238121546,0.02727088306913888,-0.06484010473009004,-0.1499124848036654,-0.11965396792033998,0.49117537645252385,0.41368804811982207,0.5614458127394104,0.5125583049411953,0.19527507632469637,0.5453648794462717,0.14686416945312805,0.38351635012451274,0.37145156419891967,0.4510360895877991,0.16680249101856323,0.28230087201321974,0.1173934446049664,0.06548277587745278,0.4997463782394043,0.3597664381891619,0.14670234724431783,0.4703305393577721,0.10247452727401785,0.23234869048133236,-0.03805385470507902,0.5459652185788065,0.2817017058758691,-0.08184917932630156,0.194846713881278,0.24496011739587273,-0.2904648278006888,-0.062130703164964926,-0.22403551202393504,0.027000544244170126,-0.03292296063276265,0.0013870793162112586,-0.0875239729165065,0.43325880305782666,0.22432981258499404,-0.0359751323888305,0.11264822676682389,-0.006605405351642637,0.10867567239872712,0.4582023873462961,0.0819993521941158,-0.16909638526747145,-0.14470697193150625,0.23628630537978904,-0.2576064929735633,-0.030619464354339737,-0.19532905579281887,0.33366717200092727,-0.2643614946263523,-0.15362906926553263,-0.385975414644936,-0.29457179693078006,-0.277876581926863,-0.34735970102421115,-0.43655472025531256,-0.19220509936334448,-0.4392203245175992,-0.5604603419870813,-0.4638605873642167,-0.5392125999474168,-0.502478458809621,-0.5571573327283521,-0.5419474754257534,-0.4396717624405718,-0.3878796614631879,-0.5045628394103872,-0.5615427525053157,-0.43116168772503266,-0.3728423303445826,-0.4712353299107762,-0.432662526846392,-0.49364469714575165,-0.5649918561329862,-0.5124191519510879,0.3866007862809207,-0.03853262537766476,0.31515408971808656,0.29958696036608884,0.1391638198824293,-0.09164116551199136,-0.2509141545691215,-0.2479247053528522,-0.1697970135039394,-0.44959109082629933,-0.14178668468164488,-0.18817743427355615,0.04312199535364424,-0.058121699104697354,-0.135901802775087,0.10928117331171096,-0.2018330882755044,-0.39478064163581805,0.18771172319930696,-0.07837434839976483,0.6638072037296614,0.596618507241766,0.5324079546930227,0.2586279725947157,0.3561114769055257,0.4511454106182448,-0.20187341370580436,0.13203579622498146,-0.11515393585320012,0.1550147038476533,-0.37332522106136945,-0.16862800169219416,-0.1287520869615269,0.09944099121142166,0.46244116707949134,0.386316536093482,0.2870323800640093,0.4616045685112956,0.3316740256583105,0.39142894033644093,-0.3672421306761272,0.33922616561058144,0.1265080454697096,0.6292588624982095,0.35508968833553006,0.2975852365567059,0.08332851835485433,0.5113669081607115,0.5181962012321831,0.4139591190396551,0.3672051899107979,0.2340741116119908,0.5286855597518336,0.32555457895791645,0.15842308446788989,0.23881718401103535,0.2962992664399852,0.26876894106923827,0.1992143853884948,-0.0804951672780875,-0.3834414573603317,-0.08213857205049278,0.25427889138403126,0.11310595738733244,0.21338227259147283,-0.096926430455784,-0.2819900015395919,-0.2406398882762807,0.1278558752606765,0.4535785323059423,1.0,0.4972362895381403,0.5427597692820166,0.08277126535669216,-0.16275754209944998,-0.1180100341633825,-0.108963236202052,-0.1084044513484446,-0.255958663721679,-0.08412311586125087,-0.1267711165482922,0.16989248294515305,-0.02140781076073287,0.09272669762823203,0.2114451806495753,0.0037460883985559247,-0.078232826322732,0.28266675205323566,0.08130337690414774,0.19879955830393473,0.38624095621958576,0.276011777076657,0.14116277244629483,0.7073206718309822,-0.1311898351594538,-0.07916627597226153,0.14674155393381103,0.10720500789140965,0.2959723067135781,0.03159070182726395,0.3600164043094259,0.14415894714069413,0.236315075956567,0.1214449945212236,0.6073575075871067,-0.06005015833493157,0.1801536368753477,0.004783566052446349,0.079872295573796,-0.058013272788636674,0.3898804525803576,0.3453720234331612,0.4898877834350546,0.46216293001840814,0.3147760793112924,0.4293166869388776,0.023307125640846946,0.197014682022574,-0.000511397504387322,-0.22535780361241417,-0.3293626072434143,-0.13794230806790983,-0.023496916195790783,-0.12220253224966528,-0.2185522366316288,-0.2568719987269793,0.2516861586661134,-0.08526349092776214,-0.12065497186870436,-0.2429874897567012,-0.3171531344101436,-0.18445416212249288,-0.2150989684129921,-0.3005899430863901,-0.08883692990791478,-0.4040541461512631,-0.2979299748953599,-0.2824892788135167,-0.3768121822679759,-0.31494369296369007,-0.38558122047469384,-0.38131090678025703,-0.29891279669389864,-0.3570309843638702,-0.4270021675077276,-0.3120068176104875,-0.3099852387321752,-0.2914027817869124,-0.2703342577857529,-0.32420911050400286,-0.19688787438581287,-0.2905224358152641,-0.2271962292155097,-0.09316209483310109,0.04594459695673834,-0.15556133796676933,-0.07979871160306436,-0.17096946101409088,-0.24003234648923247,-0.1688806841638831,-0.45578056136786577,-0.3441002728810554,-0.4514786196199986,-0.0139892290925912,-0.15257264911406263,0.2972212622778941,-0.14606611043073478,-0.08375517911448378,0.1665818993895813,-0.12270021135678724,-0.2331528030174556,-0.05357393416204884,0.12103517467400939,0.519730813732066,0.22697696202319967,0.5647269206838967,0.4532292122282884,0.30803006387872106,0.43522800071049345,-0.1238425215467654,0.1662199165286024,-0.003453349487933755,-0.1478356099627053,-0.14980328167981383,-0.11864018370172376,-0.002073016171299262,-0.2595723759343602,-0.008853238757300345,-0.09415470241417667,0.1043706974801233,0.21257018509292683,0.11631246585978305,0.15601574162644216,-0.08474701406284017,0.2557497896559729,0.1802890012140384,0.3143200652079637,0.39231903096936377,0.2932467893445616,0.2302781182128712,0.5976790182854569,0.5937477132224345,0.20306038128084505,-0.17110317339590217,0.03675015754701132,0.14460272357168039,0.3838599458769193,0.12789482700791197,0.0053033654473418875,0.499668695364497,0.6471694952020425,0.43447916334666103,0.0674810489688451,-0.11484149153082548,0.24248471623103293,0.47603263220334846,-0.013433462124618264,-0.22248838833874657,-0.1979042970863052,-0.13428301292865644,0.06053401625797521,0.22964498615127113,0.4972362895381404,1.0,0.7810195839287402,0.09306326066355496,-0.29932739989390367,-0.06972467586241378,-0.21765000962562445,-0.21781583947120367,-0.03788936662103621,0.0035072616421563253,-0.14969205893293683,0.07885945290004902,-0.012597408397638187,-0.08725887988490177,0.19351592186446984,-0.2284368295798708,0.07684020504702,0.11947407615629016,0.313458822819622,-0.11484934563747685,0.023825182719499863,-0.19870459489121453,0.06123483617320018,0.5067884267372083,-0.026579548060022894,-0.06523701193928608,0.31268047119620973,-0.3789599705092144,-0.1683310749171739,-0.42479817119735946,0.28265315501078614,-0.03918326732509187,-0.14398811855256913,-0.03669816853515291,0.4393849460657042,-0.30664030590923297,-0.16842482304715864,-0.3003614181096047,-0.24096179818160776,-0.2423112234231856,0.021622753037373724,-0.09545477143207362,0.3014231614933408,0.2193259225904586,0.26823907544177966,0.27673490233229947,-0.1868400375867188,0.007971251240737822,-0.06803221984803413,-0.3228534697951556,-0.3071327160506662,-0.13854219640795679,-0.05146060300046614,0.035220802361572115,-0.06252542430122827,-0.0018208829164537417,0.19800684697712267,-0.04078186747564612,-0.021135619720915343,-0.005760518888679036,-0.011385087593972623,0.03663323080994264,-0.061287148662847526,-0.09842426994843256,0.1182910968837582,-0.3691761591753417,-0.2389918531533904,-0.35714130159655383,-0.4929178356679616,-0.41387554219992007,-0.49509121070752177,-0.48667343025248005,-0.4590566663456732,-0.4727958527891265,-0.49473916666835105,-0.3980989197007796,-0.31768096676532265,-0.32899290246382307,-0.18836463076008855,-0.2474743564777465,-0.16935670315475507,-0.28028311384453575,-0.29364420279776854,0.1183720827528614,0.2703251427751629,0.05989230542148097,0.056056385336705726,0.13717586454560957,-0.19363950658035545,-0.08078903969261274,-0.340608277044032,-0.4193213654102602,-0.5585749627727307,-0.01987825327230586,-0.04164475126116582,0.43793364005772634,0.10626255123555084,0.11458844406656855,0.41685955866942254,0.12389752330935867,-0.20205109939012264,-0.025205886980095973,0.28467189317034686,0.6510092472049319,0.424020919892786,0.46424629289497743,0.7502102657734743,0.7785628514742012,0.7893215567815898,-0.1777289168740666,0.2610885086737527,-0.2605340471675172,0.012633491424518216,-0.3582382576553412,-0.10179917825467098,0.04561330404797309,-0.13077576779879138,0.015538899827116844,0.16823010149798867,0.02750958190200519,0.5372781561035063,0.2305752722945476,0.4962446434755699,-0.3072983365724067,0.1960665012338725,0.016637642719169652,0.4693945879206913,0.20223096923935976,0.22320164151764063,0.23731418040687513,0.5725540439992198,0.6064255755946637,0.11669338381622767,0.11683588411822599,-0.025177529526150943,0.3520378313553283,0.264728586112967,-0.10720652836213888,-0.04755177057712144,0.5811914992650657,0.5591406084692995,0.36404025764221987,0.005878308533232631,-0.32446014034542053,-0.0228643214155027,0.48510344173164394,0.016589361259397237,-0.12182245178719107,0.03664672767558967,-0.11895021141732039,-0.05864379410678867,0.24076908856329468,0.7810195839287402,1.0,0.23072135972714247,-0.04728781547689352,0.07480152151164211,0.054595505477439195,0.057039588540952174,0.006402829045945327,-0.056463441282785576,-0.015511049138099139,0.20705363597195817,0.06130428960593562,-0.09407877776988927,0.30022763365893806,-0.17311530042194165,0.09129058610936316,0.24403266405330257,0.37465740732113234,-0.0009014780445640044,0.11196101883905676,-0.09089750991101175,0.1084547551489392,0.6314953416141369,0.04530388854421735,-0.03216429174917284,0.4797933028738572,-0.2800745804372966,-0.059716824723310406,-0.2801968187638054,0.4913422975367727,0.06418303061475156,-0.012815431467066516,0.16549704295575288,0.612046741777189,-0.1673795228105903,-0.013804976970075936,-0.24075580529786464,-0.1474734696465921,-0.1915419634375695,0.12051513673145832,0.02424565552288565,0.4820428911634588,0.36093669789082633,0.3196527482019894,0.32073053514379246,-0.16032745245994257,0.0980469266649387,-0.075162051612515,-0.31722371792649867,-0.09418738262593233,-0.09290470473209794,-0.16745778308669598,-0.09104476470971185,-0.2199190630743216,-0.0036633560845580394,0.24906995607495844,-0.1743944971482299,-0.04565396295615111,-0.15255228716641528,-0.04733321827152433,0.07248633704660662,-0.06877565566132289,-0.25187985904172305,-0.03406222093952106,-0.4218448382901921,-0.30606601986668025,-0.3313520440285672,-0.49050983006441035,-0.4193659463776957,-0.4914015755541175,-0.4308555100324755,-0.5199956210195148,-0.40709447448032365,-0.4592286089710513,-0.3603915781307316,-0.171349926945246,-0.18653504706838056,-0.17039263675543417,-0.1456770130727473,-0.2922918396266843,-0.3481223429396068,-0.37837844621610073,0.0769825622799747,-0.02717985347233092,0.03789954337734904,-0.0013311665748200587,-0.08864338286867049,-0.301956885397747,-0.31735301211593986,-0.42602437513953423,-0.45399812317943694,-0.5449727334302905,-0.07667560893689779,-0.2258131357938249,0.4054981254579039,0.14044819965315392,0.23097450739439304,0.2157673083518827,0.08521507206151073,-0.2129456059660977,0.016420399978751814,0.2539109288876895,0.625734926260386,0.3534010193965994,0.4266524363903395,0.6808868876856948,0.5844116031576414,0.851285856374482,0.014248876651345544,0.3399656429312993,-0.11762561628012284,0.09250565604331501,-0.2535099637863207,0.09343037845102527,0.12738114857306632,-0.05447060617472888,-0.0393714631696006,0.11621182027425835,-0.037372100744123865,0.34420960589676824,0.15260190474798,0.5500715978210524,-0.17691523522923805,0.1841440316797071,-0.016935561838290553,0.49163403632859326,0.23911586536874813,0.16764231763942267,0.1799486284926798,0.5155026893547459,0.6395207915471736,0.13041708089528042,0.12409209636876552,-0.01013041074908138,0.49798581382102153,0.18719156498932676,-0.05610095187845628,0.03226196004776767,0.6531942629698906,0.5302288361571537,0.3604858972086282,0.009220096048382543,-0.2441856201697156,-0.024712443603766444,0.46730458840933264,-0.15406032332897307,-0.14637275510094827,0.07334547766594873,-0.06797786986889957,-0.010853138893603084,0.2504670487913593,0.23072135972714247,1.0,0.4138817361624857,0.4593315186694356,0.31441281016192046,0.30629616589426556,0.338807925838883,0.4441213468985073,0.49249432288450073,0.5403395763199988,0.3996794100013392,0.015523626128242415,0.673191031384467,0.31318550346571644,0.5639859333910489,0.3647673271626487,0.3413278462239413,0.4347533915449156,0.11569875292145725,0.17418448174243203,0.39721451107826256,0.3826142064237037,0.2439945640812528,-0.09947808711907152,0.3526278379387812,0.1786029333780662,0.3086427874158724,0.24423108231249033,0.4387282443303748,0.18233668142838128,0.12316663256116976,0.5742890198370345,0.15830025364486935,-0.060758991026252096,0.2267283747041904,0.07687259430064086,0.07836909931103146,0.07710489110372691,0.20153699363213745,0.07030499461645362,0.4379628493308551,0.12728743800060097,0.13006408829314775,0.3073443227477667,0.3075717157906303,0.3331956296098831,0.1432026048454569,0.10765747955034081,0.3751002126048264,0.09375164065147824,0.07328978592816934,-0.4732857741182562,-0.23693309668515827,-0.3650078005229069,0.04101071006863402,-0.44381936395299526,-0.4375049510022586,-0.41885572810840366,-0.23448307709877508,-0.3482513912384799,-0.24200138560649223,-0.402568705719802,-0.40003693162938986,-0.007070601021617304,-0.21119979042705952,-0.11122070770854836,-0.08982958967995308,-0.2591829058406788,-0.13570970834683177,-0.19835524592770704,-0.269813731850272,-0.1341034765818582,-0.12019393110987188,-0.20221362664442988,0.14815753370115875,0.15924833473278854,0.017414965073342392,-0.01520308664321367,-0.12651919233201905,-0.11925504082679568,-0.227358388755395,0.23924579875471505,-0.4206807812502712,-0.1886087067180069,-0.08385405553228809,-0.26661212562168646,-0.3272286486066894,-0.22354435996076127,0.00894950830330479,-0.3803754556137124,-0.175240341004498,-0.37365999931318306,-0.2195172048057544,-0.26466246224176626,0.4303438595533272,0.28153015640302526,0.04937864578792324,-0.19384847772364933,-0.10065072237127712,-0.15259087480302355,-0.27866020915149714,0.04470772308772816,0.45849587424742094,-0.007676457970996792,-0.01566057220190264,-0.03453058765408474,0.1234886865786393,0.35366441696127515,0.5562990196708636,0.2689636438165309,0.34627332498609814,0.12043545484671304,0.21948315279009925,0.18708637336938544,0.15136619637814533,0.20385525087897072,0.2669005150334376,-0.13321617692467944,0.06656423372576709,0.2119217451562161,0.33567953305382275,0.046139456707285295,0.23965129274781705,0.008154932818365745,0.2939002396558558,0.08405069884044777,-0.010173202890169498,0.2660968232180432,0.08315515313488017,0.18591453428809884,0.08737024919616433,0.13070647005283964,-0.0017805889986164444,0.2304466924661524,-0.1305543120590604,-0.007722887015690536,0.23547837506278335,0.04094034890091266,0.05224256848068717,0.14627752307296207,-0.10575729206868809,-0.10870937582760624,0.01168424762399001,0.17597026255749643,-0.3516213046126676,0.04109230981840768,-0.08388475568961175,0.0918625745776,-0.12625534499629368,-0.14112842118174784,0.4138817361624857,1.0,0.5454044883629472,0.3340328878391749,0.6015633713054932,0.2355739228811657,-0.2055817783514616,0.10052862963500835,0.12076290898768,-0.013997594084795468,-0.10911312543766002,0.05777280942183265,0.3019115302120318,0.07838084987861593,0.14548902943036515,-0.0451811389233118,0.3240362234910547,0.20402349364102765,0.18534677387291665,0.5316579316497136,0.04184775842045176,-0.21692587587698592,-0.15390798211801054,-0.09670823088753416,0.137309020432717,0.03757077699027266,0.23158135242102812,-0.0566552301674194,0.010310170693829576,0.19932315152039057,0.4343031494528071,0.03547713211468847,0.5155083018602943,0.37586557945023785,0.3548635890434516,0.3660912182651736,0.3291417347340296,0.29256474208850586,0.3414322695925109,0.2969478637942822,0.2972973216457453,0.31703794924112555,0.42925283373121914,0.442341193385038,0.41592997214613375,-0.32884055762441566,-0.19448487183879187,0.36371404067780455,0.415221122577158,-0.1374041807179145,-0.4688944748906894,-0.4101277209564239,-0.16622739571190107,-0.03457211770964051,-0.37378290603178366,-0.40857339794399766,-0.2905406252635044,-0.1223915933513036,-0.1692325637171767,-0.024800815509259146,-0.19752499999422007,-0.4441954444441376,0.18885556852712607,0.09630771291492275,0.21520629183605,0.21797077845378807,0.004702384232466254,0.2606354178884617,0.22209611832046328,0.027542999367202788,0.15795878499733276,0.3135604281817587,0.25898066668051023,0.448827309236196,0.4593564375176056,0.3346614959881351,0.28012781136992165,0.09553520453564905,0.21276765801516728,0.20898135641153687,-0.23013618550157697,-0.5192819568755933,-0.48589363405408714,-0.43673325578469296,-0.5184517260237275,-0.3673060959465098,-0.2731703433340787,0.08232339776870803,-0.2847791577359907,0.05695743932279232,-0.25836798223515334,-0.26554355919619843,-0.1774890073080039,0.48949972519966506,0.2537648653953666,-0.2752068991725367,-0.08097962365714094,0.17084870791859466,-0.3648616020835512,-0.19994706688414848,-0.4645053870980212,-0.17136885857132905,-0.4387839068007025,-0.2062090251434467,-0.42943853066806414,-0.21750393686886488,0.7775266262002386,0.3215935192823908,0.34248203907985,0.18688243302980737,0.498080446664138,0.5850611584991147,0.20325991333566937,-0.05970979034515245,-0.2067571989485488,-0.046662680550536254,-0.30812142663674247,-0.4832085937593388,-0.1341635709472395,-0.07796461348103048,0.496660282640684,-0.09513543342182249,-0.00895593017214416,-0.07086630204572598,0.06704711571272354,-0.09939011572319292,0.2717961201118995,-0.27374714660218236,-0.07643253863726877,-0.19830380642415857,-0.318967515495879,-0.20447722786924075,-0.19090957940284417,-0.1926743646744632,-0.0065952351319286525,-0.08189881903104981,-0.13290394538959152,-0.08132841374231548,0.040141177434162394,0.16735057552629923,0.41155050725250936,0.11800710839700092,0.021838445928962454,-0.56556552577681,-0.3232466133722312,-0.2398924399561124,0.44721275551466,0.29243269054710186,0.005112555990203966,0.5454044883629472,1.0,0.544434341925912,0.34328077111400085,0.4954857154066122,0.16890117259567702,0.18790493084072624,0.28245507826587934,0.16364952990331197,0.0364349303266808,0.2981206798962708,0.27864040428971115,0.291929129675668,0.24732478329700464,0.14631252274126116,0.2013014570191476,0.04312297006620843,0.01980889010716348,0.4256653380832324,0.15701915973694192,-0.08973393256136382,0.016131432992666915,0.00519161011141066,0.03883882905806151,0.02158183179613452,0.08597253575065776,0.09613074752584012,0.10165527157458105,0.04435148945454867,0.4355173626573383,-0.04204371325801504,0.3543972555484232,0.2183926529052015,0.23525675726937229,0.20808904964624952,0.34912696169537205,0.19814230066290592,0.05257484037968688,0.1691676041983876,0.2663940124362591,0.08967003538463927,0.22903141786412773,0.30404429683796985,0.49344362460556335,-0.023184274685739775,-0.06796080198641079,0.3577327320069038,0.4384223544182094,0.11198746667352688,-0.5117282710998537,-0.2637193686751676,-0.1729553640218567,0.0345656486360689,-0.4951920813849112,-0.44986378939943206,-0.3053429513443901,-0.12492916849998877,-0.2545591133681455,-0.08487779453701208,-0.3119740510876855,-0.5133451603280933,0.08090313397164883,-0.034513431066340715,0.10880779872223469,0.03668753762395127,-0.00159094834007385,0.08695775270342734,0.06486636122487556,-0.04739214908796901,0.10468466607356408,0.1888387535221476,0.14104493296689535,0.3583776827107392,0.389735645542822,0.19096536524712995,0.20372082010474685,0.0026428839622149166,0.1124746950155655,0.08733032767329775,0.06766189452686938,-0.5210765863378749,-0.23666038022028468,-0.24600692993544157,-0.3337934685538531,-0.2426731045366984,-0.2320445618687012,0.13330211489206045,-0.1567634104419716,0.050649032092099325,-0.321124176389732,-0.18693954551428624,-0.22506944767327008,0.4881076881766279,0.23227799577177607,-0.15275536611409654,-0.15145443172563852,0.06418311666350279,-0.10026749296683808,-0.20317358684852116,-0.27630306061752946,0.007460216969587501,-0.2842648223220572,-0.20683857256027305,-0.13369019600001766,-0.09110040119000104,0.4505213099294962,0.17426382643794483,0.22273430507012276,0.18843759032476284,0.44021377235047054,0.4596573583670348,0.18541969598909736,0.07395705124173108,-0.029548471788755044,0.1377784901990211,-0.10198463235578244,-0.22466107069184107,-0.08456317750806902,0.10977052213709022,0.17870295038347925,-0.11115600860588001,-0.25302316554893683,-0.007139502646391134,-0.08584936837598027,-0.2486320305979633,0.03445569756054448,-0.22956365183581523,-0.1665534371819667,-0.19713067386250727,-0.16683172675123578,-0.06798744588825377,-0.08735561486416703,-0.2853249925280638,-0.15452272493081512,-0.07570820751997094,-0.25231189805949295,-0.14387576359093757,-0.12170474526308198,-0.03224838516724521,0.29932077226610093,-0.18893210819411332,-0.056097152648349344,-0.4935998632084852,-0.13536608722335355,-0.2102890717009916,0.32499256831936607,0.11756771042427026,0.0519747617735982,0.544434341925912,1.0,0.4507539838474884,0.3601055758695176,0.12480468909897624,0.09669236690422314,0.2167420385040885,0.03963818667438978,0.1748765142328431,0.17582556397580787,0.1077193695153074,0.11438550219827638,0.18905176757250072,0.1211920702921032,0.13784476410153532,-0.0056150043116506764,0.02608648217484344,0.22196649831869184,0.07717401148892283,-0.03971099853721536,0.1277989752059704,-0.0383838936581851,0.2271655875417277,0.184710917424154,0.25763476626921417,0.05822235970303841,0.08901072197458731,0.28078072160587725,0.35301504508874965,-1.6251853236463942e-05,0.2936173347885963,0.33405183344054334,0.34148598361745,0.11616089298540752,0.2168097048688672,0.13305200720006363,0.05070459905187878,0.06891510773732445,0.18053069358526644,0.04329840477628272,0.17361709882534693,0.14768713599175964,0.2875521141238578,0.08131319835061948,0.14702892895688482,0.5223433089810312,0.3317723815276788,0.10833596465422088,-0.3165715904853363,-0.16062475587946287,-0.1379886716468353,-0.025751681412786318,-0.2765558651252637,-0.2780474366397217,-0.2503187055819295,0.06694170591880103,-0.09724520364635883,0.10580880548432404,-0.15248338726992602,-0.4040039672087284,0.14272002744301207,-0.0003115758531485599,0.14652154205071835,0.12758787299318147,0.16064888459221302,0.13691122372475903,0.21421526986227815,0.04289175339426209,0.27059996857997143,0.2488109495112567,0.15764437232437575,0.35420839108098795,0.2858015959165418,0.11491325170439956,0.22150960447030207,-0.007997396354311926,0.10257643701232375,0.03248428305705598,-0.08591119516045027,-0.5081513376093636,-0.22639312367004463,-0.22542919863918565,-0.39120828263518015,-0.11322243770240456,-0.24507962554355864,0.1023503883116688,0.04713712226514401,0.17119218522892168,-0.09364322236294183,-0.17206819523102657,-0.26208455477289394,0.4110614080447456,0.289691422932565,-0.1810567586423784,-0.06156182224001204,0.12501511861893194,-0.017354471240734307,-0.16085272009972093,-0.2974604644006857,-0.1767732643744467,-0.24182709762764065,-0.30848293849672664,-0.30980973037116605,-0.11279654194380008,0.13890162732494096,-0.04891748469358001,0.32680158075352417,0.08261685308971686,0.5340376178804862,0.5511350802060552,0.3964495161327224,0.18387699306754984,-0.19733888048052411,-0.062139303510324775,-0.060109203025827264,-0.3668468646798946,-0.27865792115660654,0.1472401279994012,0.20170955443973335,-0.15676013778264988,-0.2861589456227533,-0.16718782331933463,-0.1458607427246857,-0.35265235606531303,-0.11489041683129345,-0.31743802097837454,-0.2370387269342748,-0.15039587039508603,-0.24920618110614723,-0.06608506588534444,-0.11138599623824343,-0.3038035316092153,-0.05632183060896648,0.03081972890582114,-0.2525708302723926,-0.12194878616033183,-0.22907246794372543,-0.1016311052480908,0.24186507245331887,-0.18875923463779756,-0.1761572900762841,-0.3078984157585231,0.013927280351831897,0.05012000759080257,0.31818454526354895,0.11897238702993916,-0.027025239415524097,0.4507539838474885,1.0,0.3578508868617524,-0.11782540313940595,0.09720251632144877,0.1199809447829845,0.017643788372709635,-0.06242507745982307,0.12299590720862416,0.39392354413627134,0.03874546316761702,0.28410791597939894,0.02801807977662239,0.2113440960911188,0.1571484096148558,0.2638886579967445,0.3955145246050608,0.08229162861825434,-0.16090004907611619,-0.08130811329710065,-0.07926500326845162,0.12794061996023529,0.0946091637995356,0.2073715413217926,-0.01610350344644577,0.20132148859076876,0.32891511549476093,0.42152980548392366,0.1005691769532352,0.525861347488024,0.3064519181125945,0.4756224335959497,0.3585498510015528,0.28865519879291063,0.20834001261778887,0.30083127500603823,0.31072755097974225,0.2833806011632292,0.34707914508647425,0.29899574541873014,0.38472650100124967,0.4650579978465652,-0.22875087039439565,-0.1307037654952825,0.4192977565537531,0.4249040847523212,0.12768691822665243,-0.4254209219250288,-0.4163160748427924,-0.15950378291359676,0.021943181389033128,-0.4123830918571936,-0.3852432328214885,-0.30722246434446027,0.047703438599242046,-0.08970950551897251,0.09246367347656781,-0.14190198368999554,-0.4143872291446653,0.08680133874481916,0.00641073990224398,0.09398568302643472,0.15195491071381845,0.03581995066676865,0.14180614858377097,0.19235428278894112,-0.06901682498198006,0.2063694790648997,0.28134915896997137,0.1752462001866767,0.3204729986530551,0.4000777179524355,0.137446274294717,0.3019520137940553,-0.08825681303606411,0.05559702483548928,0.08962143092053193,-0.2109319116007987,-0.4133329623388974,-0.4098223971032836,-0.27841671426154885,-0.44186427758151753,-0.3104719391239973,-0.33569895417858414,0.04695019748623105,-0.25028915484559217,0.047744052258925994,-0.2799419026605203,-0.29510061777750574,-0.08546181706185924,0.5075555158493361,0.3536141427185779,-0.3647027111015088,-0.1209106401757028,0.15631423230859923,-0.28376596028397927,-0.2353052349518584,-0.40222631934921943,-0.12947959137073337,-0.42731075376178174,-0.21566701012102307,-0.3325023323310471,-0.14940798333671715,0.49218040762656,0.1850396089427699,0.42343894472723576,0.17752131140027627,0.5992561414836858,0.577173504009718,0.4299703396300463,0.06257338770201147,-0.21528530029372384,-0.09328087076445497,-0.32197127529827857,-0.37548858782874855,-0.0303701263647146,0.13270338365705622,0.48981524043097074,-0.09702974166599712,-0.1113800761891325,-0.15353663155017644,-0.05740615305847319,-0.12606325099924795,0.05688731618729068,-0.2236693875897759,-0.11388580462698432,-0.10981397362531724,-0.23676835533036417,-0.04742123442632135,-0.1251161570640618,-0.15868426813833272,0.05221430444274653,0.010074666955346727,0.006271659838458294,-0.06726311901947009,-0.00804994832208231,0.10943309977226869,0.4668605462137183,0.09566913052691933,0.11161475988955324,-0.39073580674306113,-0.20937732013117477,-0.05034226068920612,0.5631042870446308,0.33009407330019236,0.18866852833177497,0.3578508868617524,1.0,0.1682388958859243,0.14856761719863884,0.058251658675964574,0.07961450354870178,-0.091023993618456,0.1452181791408247,0.21999818365113072,0.19498420590183524,0.07945611499099761,0.2508632876810995,0.09992532852318024,-0.03021935546816451,-0.01758150980815613,0.1980393818384508,0.004846243680874152,0.02350127460862785,-0.10716617457943103,0.04062325710136062,0.027258542992107976,-0.028484717565945252,0.07349957500614246,0.00154377447875969,0.029551244765491733,0.09318759246513934,0.2852642987837566,-0.07379113356069764,0.2675489933725747,0.17397590719953168,0.2824162455977411,0.17884360177565392,0.23356161249970825,0.1150635772185744,0.014386131712045055,0.00029556777716724093,0.07605759664914041,0.17174753436667395,0.05427504066153816,0.2286631413193596,0.3507479730225652,-0.05821579749220279,0.08191530705060387,0.2409474315399482,0.4317542522345357,0.19275841027595664,-0.35479388261828176,-0.32611932501791663,-0.2504406245718922,-0.16883259913669463,-0.44946052389812174,-0.4022106958155738,-0.11006341659047449,0.06663434668287256,-0.21589337656370333,0.08379081245114747,-0.061161092590840536,-0.3722469015189433,0.20055409208070132,0.18088668313138528,0.28062906672295584,0.19126150388037927,0.11905090791319405,0.17968172659344703,0.12208026467231396,0.05654147129598671,0.145202432685658,0.2955907827210894,0.1907639496605034,0.45891913029927,0.45399887523450466,0.36843613336600856,0.4888723224731862,0.23443560988823595,0.3297904313543968,0.22800212062763955,-0.09309676367591799,-0.19915294884548915,-0.24859755537497857,-0.18110898466213096,-0.24961795288589864,-0.1979944586949124,0.018985470076028608,0.15296165274588353,-0.06574320309356708,0.16313412072453262,-0.19059467230557403,0.09091020916499175,-0.04339305013742534,0.5930644137077339,0.4507057138809632,0.06675243007124947,0.2145346014029932,0.2970731158542021,0.02474227987956457,0.004424631507010994,-0.25485524219506533,-0.08552787473536591,-0.3073758776427418,-0.09028699480309299,-0.061634792134949136,-0.04535245885854691,0.10085523182578476,0.1735136741105924,0.2126195755526464,0.1008920014358754,0.44035355307217455,0.3007095396591146,0.31247067570128506,-0.04466209738467752,-0.11061746425988032,-0.07754787477723117,-0.2400827939211788,-0.11781175516428474,-0.04422251363346085,0.15593249553112695,0.18921199269859257,-0.1948996048363798,-0.2172077811159448,-0.21126870882005924,-0.21021186070320305,-0.20514884413419088,-0.06454469609801905,-0.2354534280880548,-0.22442700922291192,-0.21864282318483497,-0.04622105226313849,-0.03368868017601029,-0.03307519493268099,-0.22101637647529637,-0.16055187463332246,0.04841259610633713,-0.17417097959949415,-0.07886674958797299,-0.14700528403733343,0.03690353289004226,0.28326768985817286,-0.1637758495397957,0.03244296810518109,-0.3059452519224743,-0.0009907040917249736,-0.09657002007019062,0.4226400977877869,0.1781263857957219,0.14652677648712845,0.1682388958859243,1.0,0.615881359675462,0.5392049952586048,0.6706620062370208,0.37392126619951294,0.6914451821764414,0.2930346337887931,0.6583089256862749,0.2591792148571487,0.43267792844358616,0.19054549869990572,-0.1775874551964401,0.14181769219637091,-0.09998337027760189,0.08690502738545094,0.6285147714767109,0.3423971401337548,0.404710812906348,0.1533547249400109,0.37948185721596367,0.1948809733522383,0.32889045772531295,0.3547710815830419,-0.29058368600684287,0.2166089722767029,-0.32133589704330784,-0.365396729562917,-0.1993713115820193,-0.12932364917146963,-0.1419969532105282,-0.12440422103425024,-0.21650657826304404,-0.3826386364177612,0.05409759106881715,-0.2911104775786561,-0.41974210169233434,-0.2405752745587002,0.031953768011579675,-0.07509269401128243,0.6804468485523247,0.5900028105864268,0.2916760957586295,-0.16648094992612023,0.49910686792509606,-0.16967972999816092,0.20283801427369968,-0.1985624630001392,-0.08067700785805115,-0.2689942198856793,-0.15290009950244327,-0.2625079618547416,-0.0587493007828053,-0.24607216834969087,-0.16572355996760404,-0.2726705052911001,-0.23113976477040596,-0.08342540337708222,-0.40183384264603966,-0.2597030164780873,-0.2725071809229324,-0.31192419687548545,-0.32136888518575274,-0.3022695750432378,-0.1782102446159456,-0.14966436345135578,-0.25902021434676986,-0.426789313661224,-0.10209745436707404,-0.05947193298585266,-0.22492716571899107,-0.1644329565001937,-0.266128697201666,-0.2837895632347675,-0.394242413726,0.5670387970468427,-0.11184981173519618,0.37010209029104846,0.3507924884484338,0.21047896335234953,0.055011216663034074,-0.02045985992154272,0.1077916803866665,0.1926046360822152,-0.01811370715298108,-0.23741210368320873,0.035640037448887406,-0.38697615691391296,0.13763210777901136,0.10201406588323585,0.11073214050658084,-0.12297295434983443,-0.31706420901269183,0.3399832614421453,-0.25272439700645094,0.15040363645855087,0.5492938738365829,0.11018620999437986,-0.20886393725724248,0.06904262854662654,0.021345967254472183,-0.090140875744862,-8.722961225577001e-05,-0.1406803653796439,0.25946604810587054,-0.1366382802732047,-0.10573262530051832,-0.00492498820431797,0.39207316358014854,0.5700747186988626,0.3646572082819352,0.3389560404812571,0.304457466644632,0.3367765573168513,0.3420802037786771,-0.3571290595532214,0.1683993801905371,-0.18849600339946035,0.2075414060438608,-0.020958688649395783,0.010647937235536942,-0.11902502371523274,0.10024863206558324,0.017781560739098912,0.311512991519078,0.5276455495754268,0.3706103003837447,0.3273384167940081,-0.1049526157864848,0.09030565683187608,0.2712530507755026,-0.22161842105798168,-0.11390035138916597,-0.20031367348651924,-0.318158596079166,-0.35186780299909104,-0.3591819349361962,-0.15459388775144584,0.1265590347335596,0.566143495087902,0.10957163057411717,-0.13746035523845807,-0.38983955990684166,-0.21636233704792124,0.6158813596754621,1.0,0.7037361171979248,0.7136541473756444,0.09217320555961554,0.6661140932163082,0.5024133475791336,0.565305504858058,0.4871928585782834,0.3373434820473438,0.48165260315765185,0.17646732310959157,0.38703974733004465,0.21599819632429823,0.18716992119629483,0.6440690363418106,0.07058162580542734,0.4824440613234599,0.3625814248894853,0.509586836424935,0.2668367062565813,0.5089526198759584,0.4754976660588232,-0.16122288073745647,0.5453039219449082,-0.15442978049329353,-0.17497682527485886,0.004101218051422409,-0.036344373964642435,0.17719739772577106,0.10796142055449576,-0.12665780085931888,-0.1357344236737742,0.4159640769227012,-0.10946424497923286,-0.2420152680867212,-0.14706874598716238,0.242953476461676,-0.04956139861316781,0.5242761280720966,0.42658544190055625,0.33856110470453116,-0.03689871210755583,0.2779412912459275,-0.28408611198358785,-0.1317414769811694,-0.2478728192723781,-0.06866277164961528,-0.367514901037208,-0.19322567083817385,-0.39621201704833714,-0.18196213864712135,-0.30826901402361545,-0.31536706643886586,-0.42831839895056817,-0.34413044604115006,-0.2095693336422314,-0.4454526087901869,-0.26583507804140444,-0.2805940064054958,-0.3554206529168106,-0.3399687610261468,-0.3619648175007356,-0.3567594708486409,-0.3053367767389929,-0.3152519919626924,-0.3819338249253476,-0.01270303428681038,0.07773361399242427,-0.122539696987528,-0.07101055898834355,-0.3105550289152119,-0.3129631515340971,-0.3939696436720612,0.41610168523242413,-0.43824539266902346,0.3056592545153971,0.2805521886174095,0.013176152439534707,-0.1625937376007908,-0.34334573781637745,-0.08197147195654662,-0.10329899609425712,-0.1776661588209023,-0.3556642328796385,-0.1849731100169876,-0.32954602535717714,0.10485946376671532,0.1252932328851551,-0.07833160991004728,-0.16816145743179567,-0.33484855544088454,0.14334327385772888,-0.34579913731328155,0.021540904618670607,0.5227274279954606,0.025771977860268303,-0.075584070917073,0.033508281159330994,0.09447504894831571,0.2078628055572636,0.1825864189615824,0.03178844759348268,0.507840738581399,-0.09662194404437405,-0.021348243732771468,-0.11499658312548725,0.2113821465105536,0.6968253589723492,0.40421860301758744,0.17099040252617143,0.07997140659285734,0.43209832825440986,0.27998053871720374,-0.10809650253544947,0.4124435736136048,0.17273004177058257,0.4377232285653038,0.30632281617132784,0.23693643892048305,0.13107488521576255,0.16469401072066847,0.20163910340184743,0.49955568482870366,0.5209809727970177,0.3284211590236017,0.434562769980558,0.11721245127207022,0.4100070889579164,0.4373489003181415,-0.02467677094069938,-0.08282580913645977,-0.02800792722053245,0.012539426810961716,-0.23160496556458007,-0.1562339681967898,-0.07879624301773619,0.007290009216864165,0.4220144604270707,0.0474967170502853,-0.12158028740846206,-0.1995028235792889,-0.18908526789637967,0.7037361171979248,1.0,0.673272463504426,0.3290755284323893,0.7772862239926057,0.3146066050836884,0.6753916065342157,0.5915044667091752,0.2536160845856913,0.4953667526411868,0.17580894021924864,0.1990265463339084,0.34254327740894214,0.4820892183813103,0.30729877859456006,0.19606658372449687,0.27571821784919465,0.21809982885303889,0.5244316702786216,0.0639668994127468,0.3675085031957768,0.3260292943774543,-0.13524830280395503,0.4282600457946637,-0.007220480356665991,-0.23845734760860496,0.012971349195573537,-0.15105650470870202,0.013086945895448312,0.06380061468247926,-0.16038171136908047,-0.14096644659684934,0.5408481275019166,0.32409071836910214,-0.22125107952451417,0.07780164747445686,0.07657739298701027,0.17286591902875784,0.4629865982827992,0.17798355713272396,0.2751198615586577,0.018030947405001108,0.1020572906935307,-0.46799689737767447,-0.19488554638456088,-0.2334642031156556,0.137054837857927,-0.4174494880280304,-0.26361191365563635,-0.4883603558087762,-0.19734685239701924,-0.281119162333519,-0.258617586242562,-0.46571573027848095,-0.3378166395773486,-0.24011866056175116,-0.41380287376703273,-0.27955783983884086,-0.3100321648292854,-0.3082465402185385,-0.3279863959227851,-0.35198545895720246,-0.3603098209365927,-0.2858366324958267,-0.3243681787282567,-0.365290089176275,-0.08525779964816417,-0.06918348678702733,-0.255000527528142,-0.2409238980347715,-0.374413464374063,-0.3763863651895537,-0.37560452361860336,0.452402128833338,-0.4391819106319156,0.1971449620622216,0.15166117275579202,-0.04110765402018904,-0.1145961609411167,-0.41127570903651095,-0.07387536755065281,-0.15072202963895817,-0.26691233932632047,-0.2445537075122619,-0.30178589402231004,-0.22217500660266715,0.16459138599504128,0.1181834617898605,-0.0052984459173027855,-0.23445571401684023,-0.2839887002649661,0.03414241769173182,-0.21071527806735807,0.1507362850335301,0.570442105699247,0.14765022305334685,-0.05254366705036196,0.059255235283814864,0.23855564365343768,0.10235979819331412,0.08913296910569454,-0.07738263775456307,0.17767892825378095,-0.03687423413953941,0.13845272819464996,-0.02292313741804739,0.19177217207256253,0.5589139329494743,0.5750896344503806,0.3228395941639486,0.1922858851045096,0.18684938697260292,0.35229651135033924,-0.23563008610399244,0.29892866617164027,-0.015132583380229268,0.5081074482083471,0.27092105053290594,0.027047408761689665,0.10840314347817352,0.26730917002894533,0.3126730773553807,0.39576821442522303,0.16896085716733084,0.0338883913316148,0.1908501976579582,-0.08214095111216363,0.17404741550541797,0.05600383254995434,-0.033115485567616,0.016297920987495315,-0.10083540931803923,-0.2833663592503719,-0.36564531433796,-0.2644108778270868,-0.012564296127112348,-0.20084567152717644,0.1552386565963365,-0.1798151949612767,-0.14768750794046545,-0.2269151275071465,-0.1851715118697818,0.673272463504426,1.0,0.42210878890796094,0.6696044934798356,0.30629304776136324,0.655331933469815,0.3910224719452125,0.2959863261655303,0.219351143868889,-0.045712104281237995,0.18413124146308976,-0.010098993062330138,0.2479165443967062,0.5461657008593093,0.3414481294943144,0.4165006796033546,0.03389613596257424,0.33092318788675645,0.05154086861900014,0.3356965798358356,0.354024213215304,-0.3667688738560525,0.22899236969848327,-0.28874540965979406,-0.302770489113615,-0.29195553424382026,-0.32169682585431014,-0.1064370234167674,-0.09374089632297529,-0.2902176744107367,-0.34008780118208204,0.23844603085771243,-0.09579261025991338,-0.40004093529266793,-0.253584299628716,-0.015909029376421586,-0.07870148977323507,0.5311551573197917,0.3474508450191128,0.1517292410471469,-0.18314025869034395,0.20765403067812715,-0.1966534421767399,0.008379030139901055,-0.09791264413154808,0.061745888357092785,-0.216484351644924,-0.060121769890027016,-0.3063187119414462,-0.06055598585341736,-0.1658685639541746,-0.13594680454408772,-0.327797204270698,-0.17570141993320423,-0.15256748393542663,-0.32748505329869054,-0.2626319245284428,-0.2300472394498302,-0.32989960332461316,-0.2817922769452313,-0.3166735402063583,-0.25014444926398316,-0.18463169531756185,-0.2791297438523535,-0.39200664332080987,-0.18877089859727156,-0.17756815120223984,-0.2518555419625323,-0.27369337531852034,-0.34915962831936254,-0.37611521970759726,-0.36597608431343887,0.5053073929156258,-0.2891019059225261,0.43912758662908696,0.4385475069782128,0.206663479713664,0.13299976748127973,-0.2625846415101727,0.04329425150947302,0.14428716705187755,-0.15938836423557598,-0.09217155207877312,-0.243982438861822,-0.3536360187958425,0.0607302849104782,-0.04342952370765672,-0.001204986642776784,-0.1133096155185837,-0.303163124397632,0.2492357732327767,-0.21511346605679285,0.1621861582779622,0.5202478640165235,0.11613418653876947,-0.11945540371385296,0.022091696400046178,0.1425778242253475,0.003209277446826286,-0.044867775156717096,-0.29791112854345,0.1786849434004292,-0.13565618984368738,-0.06716791793864983,-0.06406882325321149,0.2848564131863478,0.5929267313986393,0.45955257441406383,0.3746416628999128,0.242205489989034,0.26167853989336987,0.3034104830720316,-0.4047281805723768,0.16846051876256143,-0.12610791413089384,0.3708537118587364,0.0746298408610769,0.002274080582656256,-0.1250355585337936,0.13852780358102798,0.14002323936909647,0.3329140087308538,0.4914569257365488,0.3101743265665511,0.36474521941509,-0.11394938459969536,0.07676398323228781,0.13698872319340505,-0.1793874148863884,-0.1740779130134532,-0.22300188031329793,-0.3436139314189916,-0.40340660227135033,-0.42458143009339594,-0.1617818945696456,-0.05072583299404812,0.3540232068676665,0.028466441641591383,-0.2865160361948912,-0.45761925788800495,-0.32401530264081657,0.42210878890796094,1.0,0.3423934589904484,0.07217482412529017,0.4445399102034528,0.3090985983975044,0.13388978760080728,-0.11568316283509655,-0.4177938608134162,-0.004592059851377763,-0.2643509714617764,0.07503357466529939,0.20469479294652743,0.5390860819444957,-0.0681502569483499,-0.12657095281124717,0.3214567571972822,-0.09249725284750288,-0.21143490509407917,0.08043669457753742,-0.27395914437986457,-0.15100643025865176,-0.4243563628787608,-0.3123612269584736,-0.3484573341372123,-0.24073907140805692,-0.360380780049476,-0.3134136014157681,-0.40399315464944446,-0.38543849340156966,-0.09648573161673048,0.0029160278612861737,-0.4452316641612348,-0.33946459760524206,-0.220084981129514,0.029432933813522768,0.41276674754402054,0.34815399953708165,0.17731776772075644,-0.19181900820457376,0.10387433494192064,0.06822235526280662,0.24051493355460876,0.11214872626890703,0.10972745259343215,0.0853869413699643,0.13791818508433365,0.012283430064692638,0.14467900115103216,0.11441273261857164,0.1355405556706885,-0.0024428686969296407,0.012212628795108664,-0.08517489185000905,-0.05826431557272387,-0.0173221722480883,-0.042493532288450576,-0.05172171899837893,-0.05884766727439866,-0.06734146580404933,0.21993020577065503,0.048005232014732654,0.00446827809053896,-0.12248545613623876,-0.255410398770476,-0.33666255969402537,-0.3247022018119563,-0.2811724720269654,-0.1783629759053348,-0.20992711345315407,-0.05659472954276274,0.2804316504679378,-0.10838607701410076,0.38502645293290194,0.42919705760929094,0.28185760620203937,0.4843700131745556,-0.10130534693942612,0.07040478370138424,0.5469732685355276,0.00919440782575688,0.3888129014100716,-0.20363304394650145,-0.08563387442106132,-0.018347914961166292,-0.2535882033814147,-0.03418211538329152,0.04613069468071369,-0.016025380977005777,0.28184853290372847,0.12661208205071783,-0.007665504048598557,0.034931213466165394,0.13872050124219226,-0.30184020840387105,-0.09449208783508582,-0.0737004109724375,-0.2784771256589704,-0.39069354062823536,-0.40176055619109935,-0.28583683323174647,0.04715377712530151,0.06337459365518762,0.15295007351021975,0.18182917085471212,0.10397573243636626,0.1105677741650668,0.6573829457648004,0.1792364417515941,-0.0841793256057787,0.16815859997926738,-0.48967628655114886,-0.2752135634621293,-0.5495823842023689,-0.2005060406102488,-0.2577928596149315,-0.2602992448140176,-0.48094553084828806,-0.060673817772016414,-0.16541072338688603,-0.028658365595280767,0.09537962524085167,0.10185382067759809,-0.14385375043133367,-0.41856731809325703,-0.13131881992237443,-0.33124526393761344,-0.3722857807543616,-0.1613358128074858,-0.495967257071918,-0.5860915648780479,-0.27699428372713136,-0.5216522646113543,-0.2015000419141316,0.033043082123381314,0.2633543341371741,0.10936230719817816,-0.19070351363062749,-0.3641170017770332,-0.25809506324606274,0.3423934589904484,1.0,0.3336017260931752,0.7842129248350487,0.576053209840876,0.45380168733719994,0.3218687967084444,-0.08409896263534686,0.2279729304059109,0.15266499157969143,0.5416088055477332,0.49020290428529767,0.10485844542956488,0.4862614331933319,-0.002518215079790434,0.45469320393614726,0.015014669590432385,0.43158710219976815,0.2855790899710374,-0.18676651956461943,0.442010983436472,-0.014827501506142588,-0.3467645959479248,-0.15203676102290223,-0.17488577190522817,-0.1271465981548343,-0.12285173586445305,-0.10509844018745916,-0.23172832771938687,0.4495399211230195,0.06743455256258399,-0.2392112328193761,-0.01664734793957437,0.03975959622426529,0.11232989298131169,0.43196074326739736,0.2855528900767982,0.289212064012968,-0.1272796101125447,0.19329856564014833,-0.34035530923622065,-0.10549761029330287,-0.22544596682473092,0.07882728945152308,-0.4242230981069452,-0.2699711186835022,-0.4135028342805005,-0.18875867107379793,-0.24173306155858196,-0.2474650816928033,-0.4651215154038181,-0.34733860631515806,-0.23190152040378273,-0.43903756256526577,-0.3278387671516575,-0.3311824816611295,-0.45633620157144167,-0.3941857807636725,-0.4352083143073748,-0.34809148151032876,-0.37690922362037904,-0.40258646102584394,-0.5016385616788434,-0.1035515761098606,-0.058194632108983776,-0.24719526885466483,-0.18665823177013488,-0.35934592301234514,-0.3900391285659468,-0.4519062130379686,0.5463456165760222,-0.3287058129086848,0.22429873083579752,0.22133044056327167,0.05328446790048592,-0.1705363074728505,-0.27576030678245333,-0.05088052991541624,-0.19328311275217488,-0.3078034220724966,-0.2518777980236905,-0.21735460943763085,-0.19958943643805777,0.2176308175277276,0.2030073118690468,0.09122551909289145,-0.1767533369107897,-0.3258724170837833,0.0786288313761595,-0.19970239848619217,0.26519479304190574,0.7226571783228584,0.24353169214955156,0.0029565380226254847,0.17388210093901776,0.28959985735173777,0.11607910537481327,0.20812335012192376,-0.08233798671897255,0.3152605410365909,-0.1513731961532943,0.06677973584227444,0.06690683341458958,0.30225098807722056,0.5419131813416518,0.5364041498064305,0.35214841830855986,0.3657957641159352,0.40335713013162183,0.5549727723064849,-0.3124006262618419,0.29955444908311446,-0.174495964235635,0.47109942443450753,0.20329138215319023,0.10420570768169428,0.016920323619614392,0.3814142636619314,0.3505443496652859,0.3971976008657557,0.403203466709854,0.15232415298960417,0.378058690765314,-0.1222662244814212,0.1414228931524665,0.09313531929538463,0.06744787804745804,0.11002419788290128,0.007022380131637786,-0.3336825616681132,-0.4247544406831969,-0.3112541543080948,0.05717113371306795,-0.18288507086206823,0.3055398298458718,0.03613629385226171,-0.14925552042964962,-0.3141170308640068,-0.1728100682293896,0.3336017260931752,1.0,0.2498865016238428,0.6139120387725453,0.13743041527640548,0.46249874603456553,0.2579438004706881,0.7436457999278555,0.4125255116444921,0.05329769752953859,0.23078936160268937,-0.0649385701890747,0.08576707304012701,0.40308648362895005,0.5252518804865582,0.3577766472801871,0.1637338003070706,0.58642598523136,0.08741657210122025,0.5398941056666636,-0.09334810650614872,0.28154267083400447,0.18402510566953917,0.43675937662242537,0.584387007044536,0.3952694875497485,0.1854420565560112,0.1943135074985811,0.5504283136081599,0.07792690986061333,0.21093436117060707,0.08490902977815129,0.7743514509409526,0.4672648311628397,0.18779329131170996,0.2494359652644171,0.32743906686137686,0.273800715587352,0.5860935018221949,-0.340540513406481,-0.30806003315490266,-0.2564768961692915,-0.037392240486742286,-0.4612480844745116,-0.39671310248670344,-0.3715197776115481,-0.16681052885440037,-0.2870294322511006,-0.2678753346940302,-0.41460827225549274,-0.517588621853509,-0.28134801960550326,-0.3590657528248578,-0.16114604432520374,-0.15915879729272922,-0.21877167650355464,-0.20975122678712652,-0.23789508649886948,-0.23697936655756033,-0.18566307627681528,-0.11583034344454048,-0.1537298499907913,0.09757706995305972,0.31327702687629605,-0.035889407892318446,0.08362765408318726,-0.2630953519322932,-0.1237560831928044,-0.1340836918293598,0.006115835617102974,-0.44432194103394335,-0.1798397039706428,-0.11488163547637675,-0.25694275696874846,-0.37830254657170415,-0.43528786712203216,-0.2641594844912915,-0.2101523232108281,-0.13105591675954,-0.4618693370183743,-0.2723773245407913,-0.303974178093952,0.14513221452667313,0.11380385108736352,-0.41660942232808257,-0.32308884096247137,-0.19482850780252628,-0.025698475007831907,-0.5111114922791861,-0.3053980058746329,0.09984035975953807,-0.3662118825669776,-0.16392347136072744,-0.031751313407097755,-0.23335689505700527,0.4700045196228183,0.1320434459222445,0.22045231388859288,0.38094806949031945,0.3404103114211276,0.09847443165356952,0.05391021171106237,0.045021776662769936,0.37408600661724656,-0.1067013894883978,-0.06904142893719598,-0.22606230818698053,0.5518012380560191,0.11129994032546012,0.3308537667570642,0.3507689952885922,0.13491253457087043,-0.010756399774976794,0.16173893078018295,0.36061021937186394,0.12606046248738417,-0.01971929558568182,0.10370461263737533,0.20679031816932408,0.12132199457584288,0.40380829967161286,0.05571298100579984,0.29897521493592844,0.31583122011172604,0.23598186933701187,-0.057329244283481615,-0.022843632023620487,0.0028672172777254564,0.3488512902256999,0.3698182225641109,0.057314750512737794,0.24438638508537383,-0.0009277026592597561,0.14814792457266207,-0.12194159924243456,0.3222502852018294,0.19672793568217672,0.2543301856665414,0.2498865016238428,1.0,0.3876075177544745,0.44765851788874417,0.2031043375922797,-0.19459234062539035,-0.013616734491731,0.11644982626818852,0.17136031227726237,0.3650278242069428,0.15590433684138483,0.2550455519347672,-0.11579420093856015,0.2604400979366051,-0.08327023436594047,0.14883639759689876,0.09356390771486332,-0.3259671783332283,0.21111206629895887,-0.2331176420263255,-0.35776223299998666,-0.16985259335291397,-0.27255743934898385,-0.20116480829680017,-0.16514361940614983,-0.2442445316808694,-0.3064019534142344,0.22711273024942505,-0.04617856939773954,-0.32749918795733673,-0.17562726107754756,0.030410667064738037,0.111723181624717,0.3615617823960628,0.19521868005693435,0.20575422907010776,-0.0992267575012482,0.09262692162137295,-0.2939164420691781,0.0430087737845505,-0.15570645231534144,0.027698989331461844,-0.35171619999749193,-0.21887711287424885,-0.251413535657839,-0.08135386205513939,-0.17369234083512605,-0.2039951901182298,-0.3714611648386257,-0.25299152997144825,-0.1317944311507137,-0.22954308600108325,-0.15403992826066967,-0.19945989091600505,-0.33995695697706885,-0.2534956282284502,-0.3486484903674957,-0.1303967522105194,-0.2628718472342688,-0.21291749633493953,-0.31921039506084353,-0.01018479567525072,-0.0363187208852785,-0.10216603306936288,-0.09286452681585075,-0.14336013174576895,-0.18987184577338043,-0.19991686284078689,0.5930694579950304,-0.24245227326339047,0.31173151306488966,0.23011394096215432,0.20453031354257675,0.1338864295031276,-0.08618152036673547,0.13092618625998334,-0.01921769055848648,-0.1974916392436952,-0.04736248380751958,-0.0831462295748591,-0.19571246495979927,0.22047494148772373,0.18281701158747865,0.18646400571512683,-0.04124949492394229,-0.18663048096293897,0.04187861564364505,-0.08524641389447274,0.09806319743194361,0.5820270813617697,0.07069963981346822,-0.10944335664731045,0.0930703285088939,0.17578370647976196,0.011221072618329248,0.12616778489012576,-0.19754747431862704,0.15052692874235973,-0.116951380797271,0.12111646237063008,-0.011198038749059152,0.32779023769316035,0.429140440961329,0.6241606924237902,0.40221265076567,0.45231751134584697,0.2468798824150044,0.4649789446621652,-0.3366726631780311,0.10434286360568101,-0.30658126325278034,0.27123489156375064,-0.03622424954664068,-0.08713623621562844,-0.13162600634606586,0.1050268985379107,0.12113395222117997,0.183455165829086,0.3312184361943097,0.06648456657381603,0.18434674218779967,-0.315060669374262,-0.07976980728161026,-0.012735292427437348,-0.13873437989666368,-0.13057924888607567,-0.15769897775879654,-0.4107207665072948,-0.3990239747247812,-0.3555456602433338,-0.04561918715152504,-0.18571013054044547,0.22626723680512967,-0.04624491753730001,-0.16648912108214786,-0.27408772790439706,-0.22087736777738687,0.3876075177544745,1.0,0.23498290541735417,0.3724752777755159,0.15711858454427835,0.5540008566781898,0.2926091566182444,0.4063810937417068,0.17675109528503796,0.025390490351790206,0.15572948277540805,0.1723706185416788,0.5709549379677705,0.033179385932665624,0.24629434491900823,0.45291001029029826,-0.011903502266319492,0.42806261080724034,0.07717447377460257,0.047381561233262495,0.041202571857249154,0.10961218885041132,0.29080654194118777,0.2522507249893796,0.06252301354631921,0.08961647416338643,0.6621674327281521,0.3829683926821428,0.07455544455216748,0.14341764476765204,0.37254835945343584,0.42557299921374575,0.28600410002760385,0.14613056048933698,0.2855092200273052,0.20655767934008137,0.34172901244306086,-0.3059270052627992,-0.22589675439885873,-0.1548679844732925,0.24292771509180583,-0.27771989615011267,-0.23647903375740553,-0.419376912707454,-0.2091238160561572,-0.2197179640783938,-0.2890851745877885,-0.4885388082650914,-0.3700975339354242,-0.431257045891539,-0.4990055389210517,-0.39101883971870827,-0.40687551605786393,-0.3705654893666968,-0.4421101735073891,-0.37635600738476,-0.3794599975887654,-0.4021181368242814,-0.3654669803041385,-0.39973933565965913,-0.20604197867421573,-0.09902921188840248,-0.31804409116488047,-0.24972321459977137,-0.4913431510240536,-0.4426013251109268,-0.437496058047068,0.2051431858358994,-0.39847166694837177,0.09456599783266761,0.026475688775990748,-0.12521298527526892,-0.235995219433886,-0.6096474561106897,-0.3065738876081252,-0.2470223478848584,-0.3251324686621411,-0.199657547349724,-0.4738068085773098,-0.050595950848665965,0.18110348401092535,0.041638580312626315,-0.253523697813027,-0.3122873701545531,-0.32812220678506726,-0.05277771983756645,-0.2482727372189776,0.01799069564130297,0.3608663189985898,0.08642507821643326,0.0014500388753955035,0.23323989483581908,0.1933168363278904,0.15329220843960858,0.01864975034050228,-0.0882205775295546,0.22192824305740688,0.13249740221458903,0.11580000512858372,0.05397019145865042,0.056764834129818656,0.39845791614810494,0.21888792918587863,0.2670852605051279,0.030111076941757964,0.41990128259370474,0.3682140670419835,-0.0413098871227564,0.3303648549109354,-0.03838168343792026,0.31353218723727583,0.2564023784997234,0.2638250357575089,0.08063296436050985,0.314297769158617,0.3413860089167263,0.3101500971094699,0.08036702651735984,0.19073032660938413,0.11684216718298145,0.11413532815078425,0.22729441478415605,-0.027230521572499913,0.09909951493158572,0.19224881758599463,-0.011939701921712124,-0.00019475772487364737,-0.017841481605489554,-0.1875828890210624,0.2513395294968304,-0.053961065205272,0.09186227095141443,0.012736321578583811,0.12170904317340736,-0.005587064013025246,0.10238635111274792,0.23498290541735417,1.0,0.15442861879917297,-0.04022884455271749,0.0414478236783128,0.0457068677477218,0.21009576048509673,0.3713895144328896,-0.027710518667990767,0.5567811400341449,0.006691543320173582,0.13938243970644737,0.04982155776060204,0.4286230824729248,0.11351938376338307,-0.024522433815380152,0.2925719385649435,0.10605027050603812,-0.16822246971059812,-0.011651968930989834,-0.09157098150322057,-0.02336617371115874,-0.1370733545184381,0.0920876528084292,-0.11048405718889664,0.3088524594170933,-0.07150035860655003,0.04677616634172736,0.03759665668829889,0.11255987143877152,0.0622846993962548,0.3099601111062093,0.15416160756006453,0.11077888024032502,-0.1632219817760418,0.12264108505689032,-0.22242724724221144,-0.010436335667937186,-0.18817836049957573,0.044285873434946936,-0.3723483688796275,-0.2775202439347883,-0.27209064844908565,-0.0781397852050931,-0.20039792494442105,-0.18662967432941127,-0.3772800580266992,-0.34280445792692127,-0.26856277094333214,-0.31990436256530586,-0.22487379987229889,-0.3708604668720498,-0.4282220403862741,-0.398661552453332,-0.43364422873239056,-0.24608715768468112,-0.323575042637594,-0.3015056925634343,-0.3566462531294192,-0.08723640394754513,-0.09464360454991631,-0.08323279703044141,-0.0036209856866550928,-0.15324196996093964,-0.23600301718892927,-0.3013478430306454,0.25101110717406167,-0.2070185271323381,0.2143108976521733,0.11239807317129367,0.10125483500437937,-0.09623683984847338,-0.10918030175174431,-0.13995672192339062,-0.19069523212711753,-0.33625645728780856,-0.009918257500214602,-0.10152191650048584,-0.006784690313259676,0.3187584869756055,0.1365105014134038,0.1574627407434078,0.10030253050378463,-0.129748169035484,0.22665602856691625,0.030508953554497596,0.30600981697662843,0.397477392636384,0.24121368991315675,0.21954336202967056,0.25055591016828554,0.4002146909858744,0.010512746000386828,0.30907903593725927,0.013690401972345329,0.38701833616766657,-0.22887803245893873,0.04503991813270908,0.1268289131108974,0.17594997996633177,0.16958166489265697,0.24541554629269888,0.22547356584715164,0.37351186566348926,0.31413691232334606,0.6590253606277253,-0.16012413419768043,0.18015070390305363,-0.14954395935771775,0.296475530929218,0.2076398849037051,0.17337423080632824,0.06198571118568818,0.23239172251862547,0.3490474163298438,0.2693206939387863,0.3860069564815512,0.13003611488140626,0.5988941293489646,0.09186950837963533,0.10625099997391932,0.32412291706766166,0.23643359542423067,0.1780953871890585,0.2660199955410919,0.0217757582050158,-0.17832561901685215,-0.09519810880926038,0.19713299571099696,-0.030141306306158733,0.2951526261050866,0.2137300823710542,-0.014915609368739036,-0.11969008294373933,0.051705272546505206,0.15442861879917297,1.0,0.585475323475758,0.5502342444707808,0.610895774238178,0.2585699656063126,0.043138525647110605,-0.22943469278586487,0.08752738922929824,0.6449672319106268,0.6363194677105285,0.5218350637838496,0.3802890784928617,0.2692242822174876,0.3234046029196176,0.6594062652085543,0.23310711807296397,0.2396164088352832,0.591597860476734,0.3628859051942633,0.48056492633682407,0.29751132420743964,0.41097048164590727,0.4246512737060338,0.6063941325421451,0.2730369526002795,0.18721057223997048,0.387639134045464,0.5169126036123067,0.23730560253389388,0.1957404522815493,0.07141506203349804,0.18455686720760853,0.1750024159392608,0.08169927635215582,-0.4624617742406993,-0.4274246418983816,-0.48434845055718856,-0.16280780545469542,-0.46668027358248926,-0.4293860781311605,-0.39906024810897367,-0.2747165011088771,-0.34584335934967875,-0.25669099459856115,-0.40233534053619063,-0.4466672001822621,-0.1636816499404796,-0.3042988428734117,-0.12265389121640773,-0.19762556377195417,-0.18567631991567687,-0.1950352716971196,-0.21896839576049193,-0.29587126186707224,-0.16897454450843044,-0.08146019796095982,-0.07573583772026024,0.23911459511317376,0.22508084056009797,0.11333882083850168,0.04084596081419551,-0.05421348537691004,-0.004306219308732877,-0.1294929034170596,-0.06420630312142184,-0.5631416374044667,-0.318426074681572,-0.3159909825089644,-0.4559085004354631,-0.4659278935219916,-0.26588662291012294,-0.21751072198198937,-0.3845287008692393,-0.1409658049202275,-0.49719540845832577,-0.12735470014726136,-0.2727643124110272,0.1703608884967771,0.2558213172727639,-0.024154022425727943,-0.23323030670408543,-0.19000065625975265,-0.16507900511895393,-0.3439002311258559,-0.20113165300224384,0.1735061445511174,-0.1583083234956823,-0.03546693412559995,-0.1506423800255757,0.0013178255436833836,0.3096589348645949,0.2193516254796433,0.33216048213274124,0.22727395683311957,0.13885047140121856,0.1565099631997919,-0.00447139377554119,-0.16932661987750186,0.2149703639649092,0.07662982889014852,-0.09988219634234899,-0.23745091338537283,0.1159002872507748,-0.0025699078096971767,0.34230430249658433,0.3652761194629183,0.31817086377383613,0.225988558459902,0.39868632760625794,0.12602316087709875,0.382930105567221,0.06366896136811039,0.26499940792431453,0.2942241516101457,-0.16506744098773896,-0.06688543191770098,0.01792351733838293,0.19471062586660695,0.3797465062685372,0.2738336479885263,0.12236254305099264,0.16555587962318682,0.26017445478897894,0.2363079546948084,0.1372601628084607,0.2643246758141826,0.0703006617348587,-0.22853592461048283,-0.05633734330247766,-0.28748627955385836,0.1180158078048398,0.11520250986229026,-0.09598912840058417,0.585475323475758,1.0,0.4057895528204547,0.5979042222984952,0.2600868997227956,-0.21789506166187472,-0.354363703163931,0.02122270401835264,0.6125529146760308,0.22004465683499527,0.4576996161615688,0.46998559306949966,0.2020953334303796,0.5099165891598512,0.4729115588535831,0.5593571999399565,0.5005960305073118,0.7357590040164249,0.464174456972772,0.724164478688343,0.5673097494374699,0.6267277276505714,0.7574370938347977,0.5586262024083313,0.5086916897111322,0.5237535165570483,0.6027338813133306,0.490118567608801,0.32993955526894486,-0.13212326514475564,-0.3090271035781662,-0.21298941432401125,0.3416288538352311,0.055931468451517995,-0.4895785928274283,-0.41745295674929456,-0.5438220327250638,0.06344690314551718,-0.3454233319860029,-0.4654441740405478,-0.4517358741798685,-0.4569056937004151,-0.49977123578840393,-0.398561674287181,-0.3934857659849337,-0.41920697914398447,-0.1642267994300511,-0.2475433419483117,-0.06986804735904142,-0.19177304696470937,-0.10090675940067088,-0.15272819045006114,-0.166953171607295,-0.283335508428315,-0.12988282205430812,-0.059533155563458874,0.013103620152753735,0.1210475120506924,0.20119898155956137,0.10472783227261805,0.03481364292412283,0.006213721482442139,0.015650877196579024,-0.017894234946203125,-0.29087186610694044,-0.19493924851083144,-0.440287808094436,-0.4181826936466475,-0.49697320910992704,-0.46341725179569015,-0.1271051779957464,-0.24429841764714907,-0.4853462867257233,-0.16640270797847878,-0.3878453540289422,-0.020387684051343127,0.02879903697624205,0.03364119458627016,0.10977366090753515,0.0025683280982267535,-0.22903567098779887,-0.09449591767644477,-0.24876734217132,-0.2250639132679867,0.05274119919546753,0.015130566915376112,0.06793824509558227,0.1661482721372968,-0.1057979667444716,0.05573242709006901,0.1492645808879642,0.3462842468871364,0.4634972006638111,0.14453968809006906,0.1455223097667876,0.1044269760649672,-0.17546862214227105,-0.31099823455821046,-0.03773782883589478,-0.09742437012664217,-0.36652823703696935,-0.22423572783630677,-0.031041653468198552,-0.15487270353003033,0.5353391346306227,0.2806837832587409,0.6105598262193976,0.2987911446805778,0.49938073333543376,0.2618825319800472,0.5055195014844868,0.16061732900951553,0.2998104560988854,0.11690284166936296,-0.30477748312880154,-0.058355245209578174,0.07916686585085629,0.504887521018405,0.2634334938314087,0.4280326947560543,0.31034513338782144,0.30282641130288285,0.5195945059583571,0.5489446510612961,0.3410503945282429,0.6293413568679862,0.2738101275055312,-0.17502421944858815,-0.3736579330693717,-0.45676327168842645,0.20132739336267563,0.45819777961441016,0.29337423797031603,0.40578955282045454,1.0,0.35747483013672504,0.1858217983053268,0.2047349446229744,-0.09411955635665875,0.11860124764535832,0.5281467308695921,0.6330829313810326,0.468200929739056,0.2886109071822672,0.6042912253910373,0.1969760842920172,0.5475238060053491,0.11182653259533466,0.27762354588893373,0.27609796319228086,0.39209292553817326,0.5309208521150576,0.30788914473227685,0.34883672180603487,0.4298867554972709,0.5780029060152322,0.12343523016507806,0.18705682876406568,0.15703406870274547,0.600248011252943,0.19694347264342685,0.2056903023955703,0.22929482353500355,0.21039841228855413,0.01704398504656682,0.4226766225819952,-0.17795862257131875,-0.2696524475432523,-0.23316357889935369,0.06563988353283241,-0.22172543770221087,-0.19410146526508945,-0.3631714620205996,-0.26681551226055195,-0.23587208047438643,-0.30952230968883965,-0.45038374341085335,-0.34185602624804207,-0.3729028981152412,-0.49976062675946126,-0.36841523240375934,-0.31962834031158033,-0.32239442908597776,-0.3612418655317459,-0.3214822273960973,-0.355925108008642,-0.2886424487370808,-0.25889044669246725,-0.29144368781739294,-0.12275050001624135,0.09671353937465164,-0.22973158244305752,-0.14321891381666707,-0.38836148717811936,-0.29793814726817447,-0.31969656656546747,-0.09404679915735854,-0.36071689726662426,-0.15089662059365708,-0.13302452178817134,-0.293259234591523,-0.44291454685861553,-0.43872219873188334,-0.42532092466915306,-0.2325683211436116,-0.21219041650276776,-0.42727582743645,-0.365065923280818,-0.25744161527447273,-0.025799677907479276,-0.06537473717726028,-0.43853794547997055,-0.45388128132881633,-0.40122542859760246,-0.12233496686812229,-0.5437242155476278,-0.178623857171035,0.09938111430949079,-0.15453673701520737,-0.09658865561679952,-0.10502799040669164,-0.161790499939101,0.3324953659699694,0.07350809750667113,0.18291070871923984,0.397415391434762,0.17263922872746804,-0.05409861526828847,0.09454539221086776,-0.019491006770193612,0.33171878551259093,-0.25689186021755733,-0.010208189612577988,-0.2628921702343249,0.5264158906140564,0.02182061010076029,0.29964049860899494,0.474974428721264,0.3051485024781903,0.054386073182974906,0.4183226737480922,0.5268137454025095,0.2604946328099576,0.1816223101630982,0.2885157080495274,0.3480048146761751,0.052018769490009775,0.41769875698338754,0.07423585484830372,0.45723786024281216,0.46398422939579104,0.24721511849652364,0.09906316587285496,0.14473492382842437,0.18953950722350327,0.3747335161010088,0.2806154752322973,0.21306549012873008,0.21238143594010825,0.13641628000765235,0.0761365209539049,-0.002326082049691981,0.135192903923964,0.10697926104635916,0.17373064007808897,0.35747483013672504,1.0,0.29347393669678024,-0.2804404758631751,-0.33267051787759755,-0.11664125723832205,0.34468086232768363,0.2098102602683042,0.24616802071941496,0.19033727412772103,0.18825184043471824,0.2596892807840549,0.6470687206005576,0.2899231336101964,0.470419565501377,0.5603725524171276,0.4036736879326095,0.5040090880922851,0.4724609643380406,0.42793956196849264,0.5013092143089556,0.5811301236522897,0.5111948149636814,0.439591299123914,0.638974707440017,0.5547648944889766,0.5008671740267576,-0.16438392898721668,-0.33684199152998046,0.12817483309861347,0.45101499273875634,0.047327321616804655,-0.6342466505976261,-0.5166121041613632,-0.4686763507575859,0.014015894506353328,-0.5562687393319086,-0.5824965708136556,-0.46734501335709766,-0.3377362496542421,-0.44112743880768407,-0.33443770423475166,-0.4221341649374256,-0.5089989878690019,-0.0695628111653388,-0.14044032183636537,-0.05649945529114148,-0.11450601857418302,-0.07870341052766468,-0.08513984328452881,-0.13201283187654003,-0.32151718670239565,-0.18473250065023417,-0.0347783410473885,0.05455788095505492,0.3066283227765106,0.4039284706267493,0.20642217624969683,0.14161272373403547,0.010422060529097344,0.12364780339652044,0.09877871896218064,-0.13336698586262088,-0.3673756777447621,-0.480593983848396,-0.48926881491889673,-0.49597065280433533,-0.5002644364196716,-0.247441623090822,-0.07298362182710227,-0.5771860314211321,-0.2126186870625371,-0.5075289507225388,-0.158256230940433,-0.024794062322023903,0.3995338564726117,0.3241091406274429,-0.05502351252994375,-0.29737785319550314,-0.06515810273947759,-0.403629938848707,-0.417723182092268,-0.24274804503466507,0.11355007787516457,-0.28539570998247005,0.06892522824592635,-0.0902949254967318,-0.0012628083815750916,0.4909820137364551,0.4150117360988747,0.4064026350070532,0.32495585677005007,0.3359675535364773,0.4167060715025556,0.11441575749475057,-0.1782002023962622,0.03130712722806832,0.11990829338414973,-0.33389065634882714,-0.2292962115779352,0.045676007858825675,0.01723537166515283,0.5355764488804678,0.29435525674801843,0.30450713614234665,0.2455734981854371,0.42002705812744584,0.14949528542958862,0.6040835395109415,0.05857884848427514,0.24176336698440537,0.03238023299727277,-0.3413580898617505,-0.1441400491384448,-0.132854633537745,0.18415750063699476,0.14142434543486307,0.12055981217870083,0.09249040419370162,0.10466833302646368,0.3515939105573961,0.3835279926962864,0.42039227951984354,0.3362796705406502,0.22840495610555883,-0.3958073846758869,-0.40128011981204975,-0.49177154297504433,0.3813799171980751,0.44926901971035216,0.26724733016184266,0.2934739366967803,1.0,0.031262231337276465,-0.07550197705629913,0.321005743876144,-0.007669925603065602,0.2634433846867031,-0.07465798273727883,0.46677253824947584,0.19275343703102008,0.11801511657949552,0.34795402425949223,0.5140410062082541,-0.11712423768717388,0.059920385168869605,-0.07733945884701111,-0.010334939186558992,-0.004971665049835119,0.23673197264220183,0.10169185357335953,0.5818873382420539,0.5337621975776696,0.2139809318157324,0.37336052082865545,-0.04098481530248654,0.1966750894748329,0.025099498130478085,-0.17723728630225744,-0.0940317792772551,-0.011740443895666976,-0.047021163694596045,-0.33410856728858995,-0.42862206382580786,-0.27251295066184994,0.22047831692679437,-0.3316951925039298,-0.2577488289512844,-0.388945778151604,-0.25566605817819726,-0.23117660346247476,-0.15870668750244815,-0.34307398725373206,-0.22612961146030183,-0.27702603147390614,-0.2922807343220652,-0.23400777522584007,-0.2722420099384508,-0.30882173339514374,-0.3107697991251373,-0.34424773530329145,-0.3893244478827068,-0.33696563449050804,-0.38489391254941346,-0.3503760978973543,-0.11217318870573124,-0.0912414362217388,-0.16505468602987128,-0.16825081221982335,-0.24138536707822575,-0.25406218863654445,-0.2943477277526384,0.03506508838391346,-0.2004459755608319,-0.1539564763708701,-0.07846082628431372,-0.2685846062529106,-0.4216303034984932,-0.3493278558620774,-0.3310844182229887,-0.4267929831339269,-0.4794282359657748,-0.12522376957050135,-0.307690952377717,0.13367341626958126,0.13797589298138271,0.09307849719446284,0.09315077457138954,-0.13490087596081515,-0.1278377701019492,-0.077021392436237,0.011544489027538086,0.43821906222915047,0.40429452726451,0.44511565197592506,0.3942142404157056,0.29311303418947104,0.48212158672719657,0.07375773505176998,0.2476080774760717,0.01091658783723343,0.05982409257919045,-0.10281732127510294,0.05575434137397394,0.09635046549957761,-0.11240194127101379,0.15501407497891545,0.15392973873522345,0.08908443061128275,0.16139442158923223,0.14805157665192997,0.35561946855354387,-0.13646744470414307,0.2812964745836144,0.06832330906048092,0.5017265001495542,0.4400946057484112,0.20847195029269835,0.26001932637613207,0.6229838685468093,0.5844360242631521,0.23197368395453133,-0.034479047938882464,-0.03144159774249502,0.2592224998307065,0.18197382022309003,0.1017019853621814,-0.04215345120063582,0.38987461675252755,0.514679736282558,0.32728324258204006,-0.06368227558561704,-0.24659008395294296,-0.04138392314502552,0.32805787689992927,-0.2819335159234886,-0.15478401886174714,-0.1731044094891362,-0.07648642081240611,-0.009367015461300478,0.130819689006189,0.031262231337276465,1.0,0.2659798049783944,0.6730662568975924,0.08691739626937107,0.3386528655367433,0.15796379576338715,0.4300276043075911,0.4353035431592225,-0.35677469007502355,0.27482933635653584,-0.24663275981098487,-0.45884867642880206,-0.32206851230774464,-0.25325467769777193,-0.10769790932135619,-0.25665064742823923,-0.30603892923404014,-0.4161311442138165,0.07756333136055561,-0.5023818528578502,-0.34943779830158567,-0.39448776136778024,-0.0364034801359694,-0.3659894260551983,0.6444264763902127,0.7137095404190258,0.20439008578471665,-0.37176032519564856,0.3670280990885074,0.2091736698118432,0.17254280257979213,0.04726557165103239,-0.11389281581727004,-0.02819591342502296,0.19517032797167233,-0.0040083355916401735,0.10099564729542852,0.06194536838414416,-0.034018594703019704,-0.11761492256978023,-0.049287631781494944,-0.19597508746491651,-0.4051059035013475,-0.2793365770292104,-0.3094024277708223,-0.40177301208392135,-0.40899571688951897,-0.39995351308521065,-0.30404703348043693,-0.3108880532014207,-0.3867816597750272,-0.48741091197457126,-0.17718526039370022,-0.15625900738817664,-0.227203833295216,-0.10011390432980125,-0.3109522188126973,-0.35108192787279785,-0.462945858592912,0.3450201923853099,-0.11949091513298686,0.507412979731216,0.5916025057868988,0.26241969304964075,-0.04946427509775265,-0.17126643266317715,-0.13903449586321576,0.183997554319958,-0.1507426972423453,-0.18966156079024743,-0.0372801275532073,-0.2811631058846835,-0.10772636563630728,0.0023670083686312023,0.00845565419376561,0.02153101768691812,-0.3208766059169795,0.4490790540814407,-0.1986768949782761,0.26645352162382285,0.4390945855868625,0.183231057493006,0.06276885737960233,0.19654480779778727,0.19597155347358663,-0.010142144114928796,0.08951622424091561,-0.14211003622197269,0.48914301175040514,-0.4002381841192083,-0.11801028178478244,0.00405666109210403,0.19053755164127828,0.5806847301857275,0.14747717236334734,0.28472630027544366,0.26945753828391533,0.5007779241500564,0.39392313893996306,-0.3947423430715967,0.26333953259610954,-0.042832767032158145,0.22918400941945935,0.05900474548082092,0.27877452474561426,-0.13830331401089796,0.1721709808016851,0.20008937582834088,0.4823627987004424,0.860844992739269,0.6101891022371331,0.6342371915930513,0.16548044416517332,0.3849988962180739,0.4659299010222536,0.024599212500166823,-0.04391448918419239,-0.12134378731862404,-0.08733848096396192,-0.38127883155773135,-0.2900196310003935,-0.032175275481038504,0.35351924871948537,0.814619812667277,0.3995350097054737,-0.310281444903744,-0.45551322506867553,-0.18654071697159955,0.26597980497839446,1.0,0.007659515010617447,-0.06488667705875842,0.1049236469083272,0.05491439553679327,-0.05890893395602877,0.42103724171296486,-0.3094927380131118,-0.17826640287615703,-0.3872956892052761,-0.2107424365746896,-0.3575321841023469,-0.2565518282880337,-0.3446891515420466,-0.353600597759564,-0.4478897840867588,-0.426403108622575,-0.23340079302691707,-0.095778484636976,-0.3877466780720968,-0.4348551675153507,-0.26982498140546296,-0.15998192321053964,0.46711830862457654,0.3952210910737365,0.27402183117307183,-0.20575024179538712,0.14913765932070708,0.11670682017803224,0.2390966420826973,0.28345187419620005,0.0015761287745352103,0.1787409466377682,0.3750782058313484,0.014124822685138467,0.27552002667573405,0.21341983515805188,0.23169305308024027,0.10643036408349804,0.17761593394699865,-0.08696245017175856,-0.1293250242673816,-0.09140244799954313,-0.0988967037019838,-0.01930968569657974,-0.06872683242658971,0.010842974806020604,0.03305501521147988,0.2760982588041009,0.016329112183422527,-0.09791159611950016,-0.24493140615689424,-0.25273457897325446,-0.3548388189229114,-0.2963046371540979,-0.34986640637754435,-0.275718221692504,-0.17111688255127888,0.09387357234526109,-0.08787645659738377,0.42412659210201975,0.4028631571570152,0.15963889187857405,0.3307682525614604,-0.2587969015960174,-0.014151954714028933,0.6313178207077658,0.03656590271439452,0.09084380816900735,-0.2942110712398903,-0.23595246500587963,0.01580109679576109,-0.27226446885419714,-0.25418762631886394,-0.06955354712127591,-0.06533297254660368,0.4598448079561177,-0.039174385486997226,0.02397159032332949,-0.10160312896192401,-0.026824993334384414,-0.21628850418447157,-0.0746137734892764,-0.018633685963021847,-0.11713181199369396,-0.35415831198374936,-0.3139051072763836,-0.13704414954185828,0.021356079104600696,0.0028187804897243885,0.15625161139870267,0.1881132912363278,0.15266712139793764,-0.06574278196288419,0.2901279812939007,-0.05793985924699246,-0.10818875410996676,0.02334994446741139,-0.38526670783692174,-0.2593699748526488,-0.34604661817875326,-0.13433555558424515,-0.29574189907844606,-0.27370425596963666,-0.40629857932654767,-0.20822539020536088,-0.22516428334307256,-0.06018037248015455,0.21038724857993923,0.3622971707148071,-0.02117518598565815,-0.23656115526257607,-0.16089274874944437,-0.1211853007442563,-0.3347559893954379,-0.2806548823109558,-0.5651509672041675,-0.42843397462053534,-0.12976369058724815,-0.5443620436480544,-0.22267730150807843,0.19650486265827,0.355813743848141,0.1827200977534006,-0.12396686453630527,-0.3147217576015457,-0.1737928800861429,0.007659515010617447,1.0,-0.0469976237609124,0.0830531716226277,0.013580305191097056,0.7256887590911036,0.23396860527403177,-0.1684446389229788,0.3587423906809723,0.2058469427639187,-0.34357222641049684,-0.18624505069955244,-0.24311872654027783,-0.025811025423678725,-0.1533729503893476,-0.010210947545449784,-0.1863803630758047,0.3172081044283335,-0.1948462149667444,-0.0028359182595416375,0.0007506466391396147,-0.02608955044432243,-0.16345550203799675,0.30627643528821913,0.22609614081442567,0.028236160243221523,-0.29909674416037846,0.09468038366993543,-0.0542092364007034,-0.008834450081068913,-0.059965172964416766,0.08367222984837001,-0.2214982115709579,-0.06389044262918447,-0.2582159171218253,-0.10801697962213964,-0.09604934460366849,-0.1785991857784197,-0.35063121994422886,-0.20357812758351393,-0.3510858233241098,-0.41681331215555856,-0.2844389885788227,-0.39032682824576,-0.4884944444416976,-0.43938173231331507,-0.4723844739646016,-0.4267040611328835,-0.3364888485747521,-0.41317045644035294,-0.44873628146262495,-0.14211377267883132,-0.05189292959339618,-0.1557303692331264,-0.07606503059547651,-0.32659149856932795,-0.39559480346550047,-0.5006983930782122,0.32154205944663383,-0.14682943539536744,0.2991306213392091,0.28021555988874264,0.06969509676485075,-0.2764077569295979,-0.24466551100115927,-0.3098628588961583,-0.2093942767737052,-0.327989405595244,-0.23036180721615385,-0.119395599475234,-0.003944552986294885,0.0569727792487304,0.17287629343013955,0.1053731772155036,0.06491739757854795,-0.3035961877167336,0.34200326241638085,0.0012417650365637363,0.5741017194294762,0.5082023355712579,0.36255005893599174,0.3976211396668132,0.3554777762338963,0.5190902845323088,0.07846486522531458,0.423978251720473,-0.03221259192882086,0.47813273582366544,-0.42048518746343966,-0.0911443715626129,-0.00956596133242576,0.17270299084518786,0.3248487560868685,0.16334797170715887,0.06752768481121056,0.35451959549113266,0.4575750441814164,0.5817867854348258,-0.2750237906906032,0.31712266407819384,0.004469159517446556,0.46599284098447064,0.22599774406549053,0.3100821804052086,0.0768349090164991,0.40542005712518886,0.47429903340353474,0.4110066744494161,0.6954868317436889,0.3474760178585391,0.9003110768036403,0.22642990304381405,0.23984676508050032,0.4754442863145781,0.38243868300197326,0.3079672362474013,0.25706096602281053,0.08328072336134092,-0.3588118937883912,-0.10069995844146294,0.25573396703767465,0.02272598902062146,0.3986752346845305,0.2651848771152045,-0.20081602161009235,-0.24613857553486704,-0.0007885084748181542,-0.0469976237609124,1.0,0.6108769972002002,0.787091607323989,0.32282280374110733,0.4000539711208684,0.5772173204082293,0.4568133778225476,0.1964770763000144,0.33945188831945783,0.6520629741996343,0.5973824595822661,0.6023117873080586,0.487849467165009,0.428029962200904,0.5249928905350227,0.3336760587599987,0.19241995826712577,0.20156533444337368,0.26095669896684476,0.5170523634613969,0.20600101866020984,0.27443591696190406,0.3184765508732723,0.2573646588916393,0.236771655774367,0.3633146436940026,-0.34868838084388526,-0.2635449079452802,-0.4919301748208471,-0.19689939853508687,-0.28524420977165493,-0.310225590322844,-0.35637504691717664,-0.2540731590057565,-0.4377571001033612,-0.25963780525187324,-0.2510835957061792,-0.402281066206528,-0.026516860953047828,-0.2322189620884542,0.022566110570390523,-0.03439857009845285,0.028535182839761416,-0.012898021219226504,0.022055511516364056,-0.07194932237368312,0.12332197512015164,0.1062340401446159,0.09230019223226768,0.1725350672109905,0.25294845668019944,0.05358941019001093,0.08057439362157166,-0.03472455502713968,0.04542493181598344,-0.046335041923442,-0.2814545879026707,-0.40843541329623584,-0.28858882838781086,-0.22845118628698896,-0.49003254738476393,-0.32769794331910035,-0.12932217875435753,-0.16045698713432913,-0.054009858477821485,0.1164899279742538,-0.3871457901657108,-0.02233407254144828,-0.3270633142096111,-0.0027638181311864275,0.012509205302519123,-0.19391810162873707,-0.22487516604519728,-0.03841925380446628,0.013080956659391506,-0.386325397555638,-0.2890662177177383,-0.1274173395210329,-0.20603058681305647,-0.2179431832102537,-0.3461527839914744,-0.3312295247192403,0.09519736852680104,0.07181235285139376,0.5252433000544191,0.15626374916877694,0.2854456458797961,0.0037668277076288834,-0.07865780888833969,-0.1431011866575856,0.15707775605145813,-0.2816768384411349,-0.1889217969106128,-0.44671509645340046,-0.0013792844693063407,-0.21447856335443577,0.4537580861426772,0.24863066519639873,0.48710993443518175,-0.03862784062562002,0.2927308109936592,0.14220202630526038,0.24234527160512143,-0.15633641184246483,-0.039877918430629024,0.19811892609460788,-0.16963276695269444,0.13506752793501717,-0.06420768149332604,0.35969070990717134,0.4019509887380047,0.5602741179222841,-0.03017397675929798,0.07157021320105843,0.10252115439447813,0.3659062000001288,0.3320150513850041,0.37485786220311296,-0.013971674069803812,0.11100414760734112,0.09361267617015753,-0.1802647504721449,0.22276642564107663,0.2484082362053344,0.0444562709302027,0.6108769972002001,1.0,0.47789209933299265,0.26763819731255584,0.5283207733257531,0.1648008704729619,0.4736173454660836,-0.001980717579358928,-0.06231522162892884,0.26544528442776105,0.27257248225472364,0.23675070428976647,0.08323094256869187,0.11910209014627456,0.1560714719135151,0.5065888760225802,0.1430349206310242,-0.05701373745301726,0.04480480986160085,0.37620402245392,0.10995474779342468,0.5347041456766659,0.5250597336700104,0.38566054259014737,-0.07404439624562141,0.35122046445083943,-0.15850459698539848,-0.18663074868222415,-0.2483263977053871,-0.1434876875151798,-0.23125543779785876,-0.12488824439411159,-0.28055059053253195,-0.07047702892976665,-0.16205971461603627,-0.1285400263694582,-0.32299595235813494,-0.3006408724819345,-0.2678816792448915,-0.41188761998308093,-0.2244275175023626,-0.27527932708460123,-0.2438821517261216,-0.3202058409335541,-0.28427506867661734,-0.26782844640266573,-0.20176888920462857,-0.23601690438714837,-0.26873541561503894,-0.044476782135836335,-0.03991722332293252,-0.16882465019017345,-0.17090055009915456,-0.2674685071720386,-0.22056312787408863,-0.32054616672459013,0.01929801055467173,-0.4959994231146148,-0.01882574510779773,0.051566100677093434,-0.19943269124421367,-0.2338865325787745,-0.36771332790195616,-0.3081381773342976,-0.04663857913565188,-0.14118072062477643,-0.2441464426088372,-0.2721654344683105,-0.3270035291844132,-0.035901104695004925,0.050604277362083096,-0.16405357209423868,-0.23882295364789888,-0.2542017857429311,0.1293203837230157,-0.353252074228035,-0.14633137367901475,0.1876729210409668,-0.012269443569667325,-0.10294024062691412,-0.0740123728813567,-0.06222168695943578,0.06384172179587985,-0.09103171554390307,0.08335141505417362,0.19797716996027165,0.04932815450108945,-0.00864037239240814,0.11629566299384737,-0.02920202736580679,0.3925658391949548,-0.057891801616631273,0.28274063785450254,-0.15063428345219534,0.2742992091909612,0.11405708238059015,0.015500389630250548,0.27699231026908694,0.11875870054209692,0.06466853675044987,0.27500203355011643,0.21707212249915095,0.06719883002981988,0.09453186573762944,0.23638647218472775,0.463928950642186,0.05847558591701496,0.2975694115367736,0.004903536165957698,0.18734603553337753,0.49647063689552334,0.22441503548376504,-0.017136479938957564,0.122660929924576,-0.04910887818738447,-0.022449845015071496,-0.0036977656771818575,-0.01030419705804734,0.016271590442875836,0.1430175563928217,0.3562834938421941,0.05056598980884571,-0.027383661428241658,-0.13148683907478112,-0.1586484830805353,0.4778920993329927,1.0,0.3539886811310882,0.4314390124998108,0.5117170157836767,0.4855987981448268,0.09692181069337279,0.3586724253224561,0.5868971157387289,0.5468497681081025,0.4961746926262519,0.3304185137755611,0.4272337314779997,0.4910000233762724,0.19023346002866892,0.002339680141016875,0.15738624450574584,0.12411717597656728,0.44598649780307253,0.16607879060640432,0.1749874103983241,0.3435878593705412,0.23679999526476564,0.16020816261645665,0.2938356933599404,-0.294197651345305,-0.1703576597166825,-0.4589378791884561,-0.3361680266413687,-0.2365538588782496,-0.28911569815982874,-0.3064267674391217,-0.1406484273925644,-0.3368065070642465,-0.0990251851466813,-0.14921091976654147,-0.405914627257667,0.1726175324254776,-0.08520236627720078,0.1717844560654856,0.13266308444266448,0.15414199837002335,0.12118945318899613,0.15004669514757732,0.0684487954984377,0.25002082490851746,0.21836732037140807,0.19176243241610552,0.3258807554794651,0.3121879598282867,0.20077341321323247,0.22520405974349145,0.08675201482330344,0.1965448318117596,0.07206247848900801,-0.360392210363317,-0.438233218316169,-0.3361157101055457,-0.21489129796236,-0.4840976256634067,-0.278127143933971,0.0010097487171953272,0.003598295034651141,0.07645810579035478,0.29204728888734177,-0.3463223552412053,0.04900202201313012,-0.4102679398476463,0.06537785513333706,0.09701864332225217,-0.15452793010777527,-0.08450762207656376,0.08871497109024844,0.1179904991278114,-0.34274742284759296,-0.3342791095021215,-0.223128270681404,-0.29087979899057986,-0.28044443136216407,-0.4623345654893184,-0.3596389567584998,0.2251501303095852,0.13616659885555407,0.47622132393839606,0.19408508514797876,0.28839234981471606,0.05056315912199211,-0.0004997131308593447,-0.17488460663855196,-0.003494015151332163,-0.3781826024699188,-0.28430975645066625,-0.48575546112156553,-0.07657740824469683,-0.19069672568814827,0.4436044495723655,0.040404814523821005,0.27330470535699275,-0.22491301544297135,0.042454712914506094,-0.0365313253762112,0.07915590755223438,-0.33229327012352566,-0.18325129147901584,-0.0027672913063465027,-0.10711233177983522,0.25371440539766493,-0.0024292476875906574,0.18502918987094452,0.2019787462579603,0.5935164544487701,-0.1557371350832684,-0.09626689288079396,0.019646259540319056,0.26749934196362596,0.389561475984616,0.29252755347483184,-0.10284204240060409,-0.016146673318332295,0.12919226795522504,-0.15137883467274527,0.16717763003873107,0.1858757445563552,-0.057452544149340874,0.3539886811310882,1.0,0.4091399492449164,0.1762234773342523,0.5696445605642503,0.49194084501159085,-0.030658059893467603,0.25978331787840564,0.04637859140821698,0.26078202911107484,0.13063184958021062,0.29440452769863235,0.2080484358007404,0.5180709293146457,0.13661525439861982,0.1921341055532084,0.25220122002515705,0.16646658539126377,0.010680271751885852,0.2670040062415256,0.0789117640592939,0.005318628830922006,-0.09407814807272671,0.11993924759303531,-0.2814500745172182,-0.15850447090262815,-0.3518398807308454,0.0915008595262108,-0.2926163331400906,-0.22712109890153884,-0.4664935603561557,-0.3246051727943048,-0.3421065044454559,-0.37270198725632886,-0.5029310983312946,-0.32070307535410275,-0.36703653893773136,-0.5066768811974545,-0.2956863035732215,-0.4236785924960412,-0.4022125355720624,-0.4533310977614644,-0.4648991551292834,-0.48324141625658656,-0.31532862602016,-0.3937809162382061,-0.39687397902144167,-0.07869981773667536,0.010337246964168151,-0.14857392308951115,-0.138568209306417,-0.30663558547893593,-0.3320765627167686,-0.463505783937376,0.12359557746969237,-0.2534186841554273,0.06775161699739367,0.07385260793973193,-0.18229436761286455,-0.3912529025844661,-0.25216649790730095,-0.36160986165702,-0.35598161790306887,-0.36930477466477135,-0.34266270523499875,-0.17712281949086012,-0.03159927677068685,0.00308454249021142,0.16834917570072547,0.06132732843892472,-0.16548516512695463,-0.29662396554562054,0.19781271230376213,-0.18193906184253927,0.4847730988036237,0.44968523935542304,0.38651644561222626,0.3633927018566752,0.2179811084443307,0.4543317288562104,0.09835212040316381,0.5127733182363661,0.2326849519864825,0.4499058343768359,-0.22777730226458537,-0.08522781726934528,-0.0908980104616341,0.0025302936348855186,0.2805455603499054,0.07373197488463085,-0.08106545572302566,0.16792290015759012,0.3163383198566824,0.3755569649893517,0.028422962306681863,0.3893578730606068,0.3356484041633421,0.5382186228896974,0.4129091347611376,0.3069710555738164,0.3012841402095639,0.400193949252636,0.4848790077948169,0.3643946860093376,0.40455609570292833,0.2798175604959093,0.7450626555034914,0.39429218937940874,0.26115729195102755,0.6671098526009427,0.4360484805287551,0.31700310912290613,0.435694910851092,0.2284569267289036,-0.134356601231456,0.1938771419633354,0.28303154323142726,-0.02484311077888848,0.14339332907257635,0.034580179934797756,-0.12694626099454756,-0.021301172644640574,0.11055434162327323,0.4091399492449164,1.0,-0.0944779120914364,0.4507024818100056,-0.04424286480333709,0.10442303223052596,0.04766232960548716,0.2111277477533504,0.29474725788470446,0.12367545896949528,0.016068572132736207,0.024591845279832734,0.4049769292787049,0.060727778746187726,0.035537691076907484,-0.08715304213767584,0.35128669409608165,0.09913940893125205,0.4817532084794212,0.40712894878595807,0.30155456256750174,-0.03790056004218398,0.5591303684718536,-0.11908256826264124,-0.10088601935254628,-0.07736436839083762,-0.03398519055314339,-0.17198634717498892,-0.0035909991536856927,-0.28839476523771884,0.05129280618313404,-0.09751689375965696,-0.09936182092520623,-0.2580785261129098,-0.18316735661781228,-0.32944810435778527,-0.4825059116152165,-0.33841382064940934,-0.32909108824295,-0.26634873999753206,-0.36480103154737026,-0.2992576923381304,-0.40990044649238655,-0.11153343707521705,-0.27085923842612464,-0.30079472614230207,-0.13264316227787024,0.007697342570687427,-0.23559122009219413,-0.1329233533260993,-0.44279666248411503,-0.3314669412936973,-0.3893073087986385,-0.06276883249204088,-0.3379229725741073,0.09552840197330403,0.16100428516754467,-0.17494792782715496,-0.27542639725069584,-0.529121041481889,-0.3538944354454407,0.016832501629419617,-0.2102454496716555,-0.39451036336589407,-0.4204730604435316,-0.3536336373971435,0.044322042822817743,-0.0387703916405136,-0.4242037070245424,-0.35505054762127186,-0.27242854947942974,0.26667705939851005,-0.48742349711049937,-0.05327731010593872,0.12842419011705003,-0.09942213179771744,-0.027946007578487964,0.048399014034733394,0.004922964981953189,0.2753865265352693,0.04355077841095194,0.021804982849493764,0.4229423278599064,0.1224193098303212,-0.022936342019434994,0.1745666688493398,0.0258626800975178,0.4207045372205308,-0.20526828617235449,0.003310176930097076,-0.20338319591953807,0.43948903421283686,0.17405485934205972,0.06421019603613205,0.2942623530294362,0.1744923159126325,0.09693147180199832,0.193436658722204,0.3186844305973338,0.08447244705318166,0.08490473296991721,0.17483984238145028,0.2904456442204522,0.29183452065745186,0.6894459400372404,0.23134960503551763,0.38487321186996054,0.3269793402100073,0.3691736798045785,-0.03362543711221183,-0.028003812960453327,-0.08604896243887977,0.16134524855898771,0.20454001812849784,-0.0862567182209469,0.09021879391273792,0.26704603679493155,0.31453034370859945,0.12818271130030465,0.07518027781585397,-0.046775528842158014,0.1304825082311613,-0.0944779120914364,1.0,0.2940557365955613,0.5552545444573932,0.48172028714899834,0.7083694053950236,0.6421566687955149,0.4957406081655584,0.4315411693521776,0.6095923496820125,0.6929634781789513,0.2535191315010618,0.3715854412990524,0.5177037203139989,0.44438123138737495,0.39399344188323854,0.41214224119517445,-0.3008523116984837,-0.14656967832837517,0.09060278066648204,0.3608897749266722,-0.01921091437508134,-0.351798148431369,-0.37644781364639607,-0.4608534286154626,-0.09796946368527149,-0.23697414904945863,-0.37711296668178657,-0.2911574724711464,-0.31220522603000417,-0.368859105993056,-0.18331686251103077,-0.13138571316655784,-0.36772944048851464,0.06658538405590289,0.05542823350625057,0.2538431749041598,0.1832436506240064,0.18242552514381047,0.20494778851285783,0.18990562916611153,0.1537936266112377,0.22660174051022328,0.2915892106459588,0.3002007826019723,0.24353948081267,0.29454703781494523,0.15700580097236613,0.22276714555738092,0.14745535796870032,0.22920241786264028,0.22013310213591392,-0.4856669843339196,-0.2504752649727307,-0.558217269932647,-0.4676706056107175,-0.5590806898978681,-0.3106158919741904,0.07200854817864787,-0.10520260285331708,-0.24950700007858123,0.07036230815314665,-0.1374785175180837,0.06194343602719909,0.10629954777127625,0.1169062290946046,0.08484048702930709,-0.06439994672262926,-0.02218663268638781,0.26423173913540166,-0.22680843423915248,-0.032691992242697226,-0.18172126280100323,-0.30578779359457875,-0.1198617207193047,-0.03997632567549234,-0.2789149501015975,-0.17186211867715467,0.03923617923500996,0.22549692368348423,0.7233467159397047,-0.07169956270695024,0.37026391313461,0.10190290489148486,-0.028547802108730622,-0.25084555218619453,-0.36267216211161374,-0.3722520016044027,-0.4043497324117672,-0.34773549739989706,-0.2352157649963338,-0.20447902410310953,0.5721124728285499,0.01755863865357736,0.2898591031551194,-0.14426625868776083,0.11567915203396024,-0.052239337080981774,0.15973307016840016,-0.1444562696949635,-0.06854588993533474,-0.14764675467713467,-0.465625913152813,-0.2878647427937238,-0.15119692413530955,0.1735601187302362,0.06095964548669362,0.328305266808972,0.2563619559061512,0.22129218113233837,0.2956516115036539,0.35657430097486614,0.3928007738629775,0.5042372138466392,0.23333247582898195,-0.18922951054281376,-0.2809193575990154,-0.22110948982616332,0.3782141260002025,0.45697064782087327,0.21592134320421427,0.2940557365955613,1.0,0.22987930448472993,0.2845093558611233,0.4790967899740292,0.4060821733188117,0.49980227657450355,0.35470304173595485,0.36277781835485406,0.3571220483845846,0.6376281959197865,0.19770943602417596,0.27246167557041406,0.36158429446252466,0.5441283131854329,0.308210506588694,0.11394279832524538,0.10931246604466371,0.299519590841889,0.255023889527681,0.2030596687298828,-0.5236338326583709,-0.4447590495965272,-0.4907759892608431,-0.09591776377291411,-0.5609809583280138,-0.4966363525184747,-0.529838724844484,-0.2840546968371069,-0.3904119073140272,-0.28702271174398636,-0.48165976286958767,-0.5978382057906372,-0.19433887017978116,-0.34773904046517734,-0.10512472968714624,-0.23484121842248887,-0.2334268928493219,-0.24845679173507557,-0.286499681330144,-0.36252872949642106,-0.22468750350150068,-0.11537333929049284,-0.1308399824027414,0.2793407761703831,0.35893754418828167,0.11354200638357197,0.16729529969040824,-0.11789166000950482,-0.029458605255788816,-0.16376027780342803,-0.05249720714591077,-0.5515351540741691,-0.3166207970658642,-0.22053825579344025,-0.48534541780432566,-0.617547515565455,-0.3678024667797646,-0.23323074884520145,-0.42669790730938295,-0.2232611459599869,-0.5645857476414161,-0.2220580084359673,-0.213657005241184,0.3692640816372418,0.36071961865428254,-0.12819230340041088,-0.21133580372798216,-0.1294852429920868,-0.005398579706388272,-0.42700258601735736,-0.109606032413685,0.24728678054292988,-0.1135833166798824,0.05444346120217685,-0.0795604696125512,0.10201846214766684,0.5087003012156966,0.4473380483982846,0.44605624682839967,0.6650281961745486,0.17124710787704744,0.351551904101752,0.199111440914268,-0.1049204230970419,0.1953473637438374,-0.0010519022521795983,-0.19648601973304103,-0.2042323092111824,0.2887838663933083,0.24025423778434649,0.36968384843060936,0.3447849453493212,0.1867476822047144,0.27074424721661905,0.39487466245837666,0.2110975505370498,0.3660617449318585,0.09445656148981504,0.29646850550664167,0.2723888835208206,0.11258730290351386,0.19876730400329423,0.31307338921191435,0.24421646858759155,0.36972903730797746,0.43913103565812583,0.16809155754565774,0.08600297202943626,0.2873941885838819,0.3328603666840728,0.23105712058856248,0.17454229176400463,0.17427770734338233,-0.27857599992607107,0.07373798323277005,-0.13420240692126756,0.2582217939739688,0.18537908590566607,0.14492688189607675,0.22987930448472993,1.0,0.2235031864911364,0.5058540884951985,0.24230503803668252,0.31720150679308606,0.21100029233256656,0.6066341752889786,0.5824534501007487,0.49456871165350463,0.4821926523172821,0.6867158502658646,0.6181824575638061,0.17125681944684984,0.2580411570283632,-0.2953961112987605,-0.4289738980802933,-0.24329726321038825,0.11824486976346932,-0.15322914596961923,-0.2927700467722295,-0.374814698477397,-0.34947580838974257,0.1962960058969504,-0.24173122154179327,-0.297110544182136,-0.3350166658543107,-0.3933053920463344,-0.29741169058889694,-0.3463098450339323,-0.3508188661389168,-0.21201536535242527,-0.31411382624553885,-0.2164559466560735,-0.13312868601199573,-0.24753582188226703,-0.19447240423185383,-0.23846848796993445,-0.2248377348497152,-0.3018890999739659,-0.22246560588464104,-0.2048617737434808,-0.09780551944615438,-0.004355971505607304,0.04915396062738752,-0.012857500997127876,0.015007326969942348,-0.09131651632834815,-0.10559853640429905,-0.10913322140430765,-0.22362147991035275,-0.06761305996779883,-0.33795643325023167,-0.39403138152638734,-0.4121598892947279,-0.46575742986986407,-0.12408946166880026,-0.4350426049578818,-0.6164319375166724,-0.4022556173729074,-0.17810695803464968,-0.08337423327511914,0.3522962727860689,-0.030374692391990036,0.14150279797759246,0.09112346421535215,-0.11837649884465234,-0.05924729456746144,-0.255311731563546,0.03363961457301757,0.3707746615118416,0.08974101138693658,0.2933059726170288,0.573831076217742,0.2620736705916435,0.45227416286847694,0.010410876493389332,0.49105114023385216,0.40833987404345806,0.006750775815053649,-0.07314714254022713,-0.007783694009781827,-0.12218590764651523,-0.2470048370474532,-0.20967970123531493,-0.12156738020169536,-0.31308672583344493,0.04977882450779809,0.019372872552509766,0.17036640949388696,0.30900071611357327,0.27782609955548326,0.3948172497506677,0.3374369993100137,0.4075143506426865,0.2610469707814347,0.37690000837644,0.4014941853351496,0.5061999805216025,0.05582700898193382,-0.20535635119625928,-0.2032577492202008,0.25264243385635504,0.4402541910777007,0.08759269805622566,0.2765101956129229,0.7511079713366774,0.6074634996985445,0.6585417966802677,0.4379489216429108,0.10844636926948896,0.5139471175466657,0.5697114788504429,-0.16899701213191815,-0.39653516450455695,-0.25444242938347184,0.12240451362192992,0.39296780826307887,0.4115295766162821,0.2235031864911364,1.0,0.6324233390188826,0.7524335725764595,0.714200161111048,0.6283648816555281,0.5501538539358829,0.6209992228281028,0.1283279582162328,0.41152565751894093,0.5186139114198274,0.4710222342083895,0.5255784752002146,0.4827137058552911,-0.3606885964696094,-0.2597616707056405,0.11012012017050644,0.6179730720849056,0.14289855857016084,-0.440773567956844,-0.4130208370084312,-0.306027204048219,-0.0944370082554176,-0.324762985959187,-0.47437098069012984,-0.2594645044156718,-0.1569727564544179,-0.29845716206716066,-0.09316773229021923,-0.1663373212903218,-0.4745925983878698,0.14767280734452776,0.08130384092016633,0.22636744633912,0.19304742718805587,0.2096466485106853,0.27674709089703065,0.31667774990572733,0.13417186210015725,0.2993443008484648,0.4245199715952426,0.3974106339864872,0.4045162179773349,0.4811766453883762,0.29595386573443766,0.35011780000843595,0.1333878057580958,0.28117599761447476,0.2979613586783367,-0.513704721600158,-0.2989950201534323,-0.5680473446255789,-0.58133656365481,-0.5383283892235649,-0.31670444653659774,-0.0487809216317201,0.056037170526694526,-0.18962242387542808,0.1974496538054147,-0.2709247834567193,-0.062046873318700166,-0.06928597670196397,0.3113578444041535,0.20429404362305412,-0.294365549826367,-0.17104754207208253,0.20878357523137936,-0.24085160137736,-0.24429463398390025,-0.5146551786360196,-0.41779727249393994,-0.393945994456632,-0.23350271555320876,-0.377960518132544,-0.3529705282470545,0.3942063199597825,0.11210585244910291,0.5120901229929021,0.03209110270596782,0.6442558047471567,0.4073901396095389,0.11504144116262284,-0.21588373605467365,-0.3663887803140984,-0.3065043064546624,-0.3949975155261619,-0.5831292618194546,-0.24443895193175597,-0.24170006785425105,0.7837536143621989,-0.15744812257197546,0.1884447425297664,-0.2202046897071706,0.09874216867234888,-0.07295649903833902,0.22790763854464963,-0.27520868099079787,-0.24436913505631827,-0.302632115526026,-0.5093323564314336,-0.16920134275585755,-0.3127469671738415,0.08398169525329009,-0.010948564669024444,0.08255825470766509,-0.07609174754355996,-0.05596888883923197,0.15730196240641967,0.47191576111998734,0.8192438149961084,0.3586036339017219,0.049777526665953795,-0.35409499657860805,-0.42996171307281617,-0.3223909217824093,0.6346853731203651,0.6030433753474561,0.31588195665975355,0.6324233390188826,1.0,0.6821269484985532,0.6469199601514097,0.503756204082783,0.7191579907397991,0.7916630260560382,0.37067085769941127,0.4316265157839816,0.534712824101863,0.5923699994210796,0.5283880750545246,0.39377020592709133,-0.1763385379946506,-0.15811877564372104,0.09925234662716252,0.43230385727534126,0.01707867088908596,-0.47827162347699176,-0.4208727626462152,-0.5720218306718824,-0.14358270340778237,-0.3678376955609399,-0.5074377610093549,-0.34349365258745124,-0.28994796587230137,-0.42453767524433494,-0.23464260612614,-0.2990852544343692,-0.47608513355691134,-0.002957616121568618,-0.09390932912034,0.12309575922479968,-0.006193270216273848,0.07559654865383418,0.03396395713956717,0.05793369068824129,-0.07424570064645025,0.10651031678175042,0.19934740838423232,0.22798949658850917,0.4137782557911188,0.3959501058679024,0.2903411425136859,0.2750949064397275,0.18587673667649063,0.2785234624575908,0.1642482510435888,-0.4207033211518317,-0.37865207414763385,-0.5965147411008882,-0.5833345454569666,-0.6337520574395795,-0.42489147671574035,-0.011433570054745724,-0.1285791343407648,-0.3835881011148364,0.0319793964197088,-0.34925516979797383,0.03203835161092764,-0.05120668332175777,0.20324352484734637,0.2909158599694331,-0.02538901915845229,-0.1552640778450012,0.06808547108000589,-0.29331463149499665,-0.21421692970573272,-0.2719463230463375,-0.19965407521091116,-0.1481762581245799,-0.03399283824009017,-0.31833647410505783,-0.1264738489000432,0.22071771502101692,0.32245769647416805,0.6899884920767193,0.10911529159716556,0.36536587155969413,0.3091673414501105,0.014992311436085237,-0.29930370717951754,-0.2701661152529287,-0.2204345975722388,-0.3591566912974829,-0.3969971853472554,-0.2169831699010038,-0.1810360385095914,0.7201632193730516,0.09663949756249056,0.408536869397874,-0.02067335983809072,0.26942342299285144,0.009833178207047379,0.3976441131071584,-0.15055047453113368,0.03905868563033484,-0.05263332122802315,-0.4902716762583688,-0.2001891475608964,-0.1609585960805661,0.2203412910891152,0.18641025069224312,0.3838902605160138,0.18797968738988513,0.16661995801780152,0.4241955729008815,0.4654948989985682,0.5185948939372643,0.610954369585704,0.16854933395862315,-0.26039635768838726,-0.3275254149449027,-0.35141689508469465,0.3875189721454083,0.5130710406780603,0.18981732609326857,0.6821269484985532,1.0,0.7308963370487204,0.6385013261437954,0.5496330883454026,0.5844089008083193,0.19563620557827407,0.29632567356453443,0.533961268724581,0.4277118585381048,0.6519738360405992,0.5120885915313065,-0.1614954980761368,0.03555409675942948,0.269071885687878,0.5765601068581204,0.4221105946162376,-0.4245466742799778,-0.3869772144564012,-0.4526119048594907,-0.2736720647392063,-0.4132134535301664,-0.548023007883247,-0.2951162553060671,-0.1370981685821084,-0.38754189115635274,-0.11946549747063616,-0.14405904248758608,-0.5415481223891164,0.09470191944518201,-0.012366078777721336,0.24937099917016375,0.1597592031607779,0.1511797683161041,0.2064235595629404,0.20868836708374805,0.11832576356338248,0.2649526386409852,0.37740045391117816,0.32078671821356974,0.4367268272558817,0.535001996609545,0.3174296273197793,0.40187286274303213,0.17543101840325445,0.3131440055968238,0.23388846604088936,-0.4782631444179596,-0.33106501509295017,-0.630943388986153,-0.5472892756033773,-0.61242324613411,-0.4505112223950184,-0.00760004345701456,-0.08575586911029175,-0.21166589423847457,0.1676797849233572,-0.3696514663578432,0.050647621003106186,-0.15109028751258413,0.3176010214921894,0.2968320177634139,-0.22636926344608163,-0.15476619756414584,0.2265011318902624,-0.13637074307422428,-0.3086653099826456,-0.5091974524037748,-0.3350305981627021,-0.3922486845305357,-0.19949334346986997,-0.309118887245004,-0.42708750796712514,0.27063091976273074,0.13943092641469504,0.6663404062621244,0.11143711617265964,0.5974447079370534,0.30810478204933334,0.12528916181304042,-0.16733643090245132,-0.24804394825602527,-0.4386484823789112,-0.384899876258372,-0.5573003959677164,-0.07096346311805032,-0.14355656802372177,0.7669682294347061,-0.04980016537481165,0.21850874133987888,-0.2962472104285721,0.08828268098412993,0.016540885163262294,0.1928006366282453,-0.23891821809217692,-0.2184395286056287,-0.1152688088706331,-0.41103225431021534,-0.033759989581975354,-0.2515950423590207,0.2098943117721908,0.21527267539800232,0.30945581586026155,0.0019683006476965137,0.11774046471455724,0.15478646089223713,0.5036355886394094,0.7447578697319241,0.38739266163235736,0.13234337978576424,-0.15711222359441004,-0.1650213073949705,-0.2135879305531989,0.6926326077427835,0.6064210248623675,0.3517722235074093,0.7308963370487204,1.0,0.7866007658253135,0.572514174951531,0.6424329765516823,0.45963487051530294,0.3429426383427731,0.5927931107376527,0.4860889069324177,0.7869923685267867,0.5375137050425715,-0.11095575411455402,-0.045480657541818806,0.01196888536953894,0.6024542199112948,0.3989838776843064,-0.4966066951330458,-0.4937347783385253,-0.5110757617629365,-0.10526236273017867,-0.46956499317154343,-0.562807302736088,-0.41017819638048625,-0.33361224142190316,-0.4743267111771596,-0.3081967964944145,-0.3567803301263099,-0.6208858922514596,-0.09522735941138355,-0.18999273320878504,0.09999366063749673,-0.011063935617379712,0.006801844709387179,0.019743661848495072,0.021643834506819875,-0.07346494091710014,0.016443426957971578,0.16690889009538107,0.16293356095994,0.32309358021765894,0.46164656473854426,0.2485226389159632,0.31813432538017833,0.02061513007822056,0.15029392305695707,0.09284064790601439,-0.412204728549022,-0.3575910495077252,-0.4941555495354149,-0.48441779460095213,-0.5970792511594771,-0.5388576820855417,-0.18856549929027308,-0.2023727127508836,-0.33801979344713334,0.01831694157154337,-0.4727102297413923,-0.013546139096505762,-0.1593848968929383,0.15997506707298545,0.2185287597760907,-0.25436793651396367,-0.2013780791145722,0.06792997328414015,-0.12106029887279908,-0.3608122593092041,-0.28721725541609794,-0.16679248672708738,-0.2598664025059572,-0.02628211239801957,-0.15418900340587605,-0.23462612477616857,0.36176999647487945,0.277161065968809,0.5364623252608376,0.219531899427221,0.4118036090508896,0.23888679531753812,-0.12253029936844866,-0.2880121524721727,-0.03365551496606209,-0.26002468753562885,-0.3751831170582437,-0.4394692423510796,0.1124061590213231,-0.09804937481453312,0.7063650550927113,0.18222825676206528,0.42040810838594134,0.0023174804150901105,0.29010804114371375,0.249304797021677,0.3360802348053245,-0.05844705885961447,0.0506761433638493,0.03370815156257138,-0.2296174080631138,0.07679765318726602,0.001255010238125512,0.4545887455327447,0.26098921882563697,0.41803976948547394,0.12294411076834268,0.1646757082024241,0.29550526363840485,0.6866676625206732,0.6521376005404074,0.4481901847849935,0.31234725184347456,-0.1594635693806876,-0.1499921455716342,-0.36408792590276345,0.532631015782678,0.6023639771720312,0.4425836216673857,0.7866007658253135,1.0,0.39006424518703814,0.484237552974104,0.27758453028837526,0.4193968797354583,0.4356015668219696,0.44523387853583807,0.5786215251986567,0.6122416327167104,-0.15330222678680713,-0.1326621068891735,0.06367330281780358,0.746520441526258,0.37917203029251384,-0.5556985252658381,-0.42798256006208457,-0.47211831706453206,-0.04650378620930801,-0.40312875161441686,-0.5270016963897455,-0.4163428231953458,-0.3424599984857224,-0.506441176572601,-0.300980045029195,-0.2617322204377807,-0.49865516505170904,0.08204262953408253,-0.014624068023753588,0.2166786607204073,0.15724340285678043,0.22932194287866273,0.20840513539178376,0.2280246128122904,0.06892391365367044,0.16246694237727635,0.32131869041021544,0.3066362173212403,0.32599418393278834,0.4912449234811729,0.277580466899547,0.2894264374726178,0.07326447667151961,0.2227366343539341,0.19073773777315256,-0.29714993416399654,-0.25265734145135693,-0.4420003897995811,-0.4703136620628725,-0.5427669226502115,-0.3882768499887392,-0.0964536896922693,0.017511874634738335,-0.2363025136942972,0.18874576516346353,-0.33708100499333704,0.022174088422151277,-0.08353923611947582,0.20710731655463196,0.17817328568960764,-0.22661868556565343,-0.2034411738178487,0.19873618148859112,-0.16564291969211958,-0.29867669137214947,-0.33518132731329486,-0.1811296234582103,-0.30724899917091925,-0.1329380096585159,-0.17637661683171074,-0.3577541244004752,0.21428770163073513,0.15384873253881587,0.4340156070034752,0.08537562485974588,0.4918212438616773,0.21299417460913,-0.20064104127554544,-0.1951725711118824,-0.08055575549340557,-0.15144029529240927,-0.3782837295298192,-0.44479323146967137,-0.05944677286830152,-0.22179264599566492,0.5689854278338277,0.05727221843881314,0.2685023311318235,-0.035812311580205966,0.15410672187772229,0.05190639848242103,0.27565347684970126,-0.11330114411428704,-0.1536131263026597,-0.12573134249218412,-0.3400301710514449,-0.09351026240784543,-0.15302722013744396,0.22663719218356576,0.005464292501496709,0.23292892470425772,-0.06555275176353027,0.06660898782875332,0.0850491254569278,0.5010833293829147,0.5742397290996085,0.22616372778585056,0.15026598037607927,-0.22090587909074536,-0.27162815998454626,-0.372499586419223,0.540185833293271,0.6047083683435583,0.4328152201195813,0.39006424518703825,1.0,0.7999816915210166,0.3655432421246105,0.33761206319667325,0.6392516087787897,0.606159274481478,0.5050411895599353,0.34389309668403995,-0.25663980984551327,-0.2282585374810946,-0.07403685193959729,0.2641413129519996,0.060729804243753086,-0.36392358203000486,-0.38279354042732977,-0.3749697364841772,0.03852494518874528,-0.338531265380682,-0.48573244020851825,-0.28918052019793045,-0.29468678726681163,-0.3814312555408123,-0.2340105321198463,-0.35150901261568285,-0.4614497894107608,-0.1074759266607478,-0.194854668521696,-0.07618378174758705,-0.09557649126333542,-0.11666079783307498,-0.0749244891046958,-0.053216041197374817,-0.15317100236848444,-0.012282020523676673,0.025560309844997228,0.05407832329211967,0.2537778533240771,0.2967684655812532,0.1828039128536565,0.16904009482763652,0.050507722570454605,0.08658585016271715,-0.016243662023311855,-0.37184364352101407,-0.2648042723227021,-0.5711767576556616,-0.5917794325081713,-0.594574876556257,-0.5212090644323886,-0.0774014255042071,-0.2319242297549926,-0.49087890254657873,-0.0832897460511006,-0.34909449402707005,-0.05486384304020883,-0.07905151523514332,0.11007013203343238,0.12943038806349064,-0.09190452915004509,-0.2411771147595564,-0.07702905546034401,-0.31434126949641217,-0.22878595493809195,-0.06251590042266295,-0.1294533020125755,0.01738714253376125,0.1241888369914427,-0.17605548321193687,-0.05051934923673868,0.21302365803493495,0.40777455247833455,0.5388157398683275,0.08810332170440718,0.24284978209951943,0.08104065777342875,0.0566677957160941,-0.22633577353114753,-0.27661615881863016,-0.2572028456120117,-0.3181955808634937,-0.3258915383738656,-0.06215882371201334,-0.02832409286384019,0.569022700637978,0.16724807208417175,0.3489597204761896,0.05775129846083359,0.34701434668370446,0.15387013598033375,0.31972650016584264,0.06644384163951637,0.19514791151904257,-0.04112257355484258,-0.3619265929706001,-0.09363852586276648,0.005375202341124511,0.3188525161275043,0.13330022462838775,0.3103322465860202,0.2873130320081294,0.387567586910382,0.6091036452727687,0.49507623317062466,0.444803300197272,0.608554235102864,0.2747434787063448,-0.2598592756363888,-0.3426596126973296,-0.2882088943669085,0.2586724832774922,0.4242389060294599,0.23158140258259488,0.7999816915210166,1.0,0.41872202687387206,0.46741383696307776,0.6202990857688536,0.6014164308285556,0.49395849217922394,0.3917100792792255,-0.36966308034004575,-0.33904146405712793,-0.09404811615826915,0.3350646552171696,-0.01610874652407808,-0.3646600599660059,-0.376114497514068,-0.4489821136315836,0.026219382128828152,-0.23954653182426483,-0.414801615170732,-0.3119293588428712,-0.34811442992772984,-0.369547785283308,-0.2689249940979968,-0.3006975142724018,-0.39179575653332527,-0.05925405610762071,-0.10204805203608236,0.009953256151397354,-0.04635901318169519,-0.018963534969036994,-0.016759122796714754,-0.0044121066243541385,-0.10824407451142135,-0.016117199123057164,0.08765524473051328,0.1600345543857197,0.19826183778602413,0.2761736256253421,0.14242935109928728,0.13198318733210887,0.07588500310292867,0.12516691780249195,0.1091636846683598,-0.44574880727078486,-0.1808183207809005,-0.5784959479791678,-0.5567317529116913,-0.5592884516051425,-0.4202391081114723,-0.015536798094351418,-0.1912738591648584,-0.4394783622482917,-0.03294472224989371,-0.27966920760975755,-0.0297169910010663,0.10290057885349624,0.051947619243910365,0.0975417160868122,-0.09671962878745859,-0.2025527917863355,-0.02793612619333745,-0.406025155296922,-0.18011778372976195,-0.1708924362800177,-0.2064835164906325,-0.1056145184984262,0.0667501052854431,-0.283547913106272,-0.11065530985231124,0.19888378787896127,0.32388327003411843,0.5455141059878932,0.05726518524400496,0.27999341051915433,0.1196036711864178,-0.02921794904980463,-0.3012018235563502,-0.307713787831536,-0.30649924172785337,-0.3965957586241756,-0.3291330706352581,-0.11678014921812752,-0.19967286451856583,0.6689477400787579,0.1255565858739439,0.45395938751371007,-0.02347480933742897,0.32214235038021916,0.16265576239677143,0.37748339952960286,-0.02133437570544123,0.13940924718371195,-0.08783622183277141,-0.477161724494764,-0.16655005243287196,-0.1572272244357546,0.30539469904360994,0.12567425526644385,0.28484597005074186,0.27545132880871925,0.2525685340202656,0.5172034341537324,0.5042332894448158,0.5078607419670486,0.7058306127934286,0.2796307450296375,-0.22675547384806927,-0.48204920241713206,-0.3665251632154951,0.3138284145978195,0.5468718298447486,0.2751872858356247,0.41872202687387206,1.0,0.5278122061965091,0.4172420778135929,0.485474208375315,0.539752408154847,0.396736710356176,0.03286705436265689,-0.14094951291576913,0.10852353393068064,0.1128199630619235,0.11122782877172886,-0.42608950377712373,-0.44758744559184127,-0.3264774168965708,0.16552850702436603,-0.44599151547406657,-0.3906041945658488,-0.5090910924775913,-0.3157890255739622,-0.2851083782273842,-0.3619482131161412,-0.5740702001444521,-0.4577490745233749,-0.4831384502938121,-0.521016276885456,-0.3801762514286972,-0.4872349481119828,-0.4861582920964301,-0.5098433871552432,-0.5374558909769529,-0.5881933639176085,-0.5168938348840219,-0.4561634531849208,-0.3778135751727407,-0.053667859702468845,0.057932229657748656,-0.1646856918900115,-0.13484036976009042,-0.3736912145184268,-0.3426237691762021,-0.40517528322127194,0.0010912469087877479,-0.4303728389461696,-0.23739800398970604,-0.22505415555176525,-0.3676908739829055,-0.5613536475999977,-0.5403149249238727,-0.4984378548292284,-0.6285783333723525,-0.5352060153003966,-0.39759725159115616,-0.3905919535892487,0.011319335439772413,0.1719737203262944,0.19898938829784107,-0.11883422355773436,-0.26205101885639986,-0.3382697005825009,-0.21584583880149372,-0.2571010246786462,0.19322294323174813,0.39144502372435935,0.09608788457419548,0.3442951778630262,0.23435816408122792,0.4156020327104041,0.3817429302646937,0.3867839315041441,0.19268890682600423,0.3687120463685998,0.010127428095853867,0.13884764435184593,0.046288977195167016,-0.11566219055578568,0.2702229387493556,0.12423303511777511,-0.0517500925715843,0.03452173804900768,0.42786639429863366,0.37301453848764415,0.225849848467448,0.5285572332905164,0.31631233126509506,0.5068375376319461,0.5174462767078529,0.4495603980378,0.46010956820137433,0.4140737931100489,0.6964510583473161,0.36621181936019453,-0.011866478593680164,0.08862948581778403,0.3073382248937743,0.43137198788703673,0.3212222639693339,0.23106805581739412,0.466827998982764,0.40350612178819095,0.4299638583488978,0.316090931230097,0.02923942479100529,0.2428101439193216,0.49894307296034646,-0.17844187917314538,-0.12134374688180136,-0.1684464825754222,0.1194597634772419,0.16730043222400337,0.2315438438276471,0.5278122061965091,1.0,0.41798031006202446,0.5587449047784999,0.19477608547666128,0.5827630615554029,-0.22202283782389903,-0.4443928317646124,-0.019077089879536317,0.4373849786986886,-0.09708317400931472,-0.5238510714124045,-0.4541939661991251,-0.2966856700320041,0.20465782237337776,-0.33102241283135647,-0.38092803262427033,-0.40209867827374257,-0.25449922981355777,-0.3022356384253694,-0.17019381797597552,-0.2944089058823181,-0.31555415376088475,-0.14753273220392635,-0.09380741881011846,-0.008148729149869782,-0.11042752937179814,-0.022964059034161637,-0.03539456364013714,-0.03497570891623979,-0.16766855927514973,-0.0261085316933042,0.029328397475907965,0.07830481626165343,0.06698678674702295,0.11355897675007327,-0.04229560867972093,-0.05403983600904248,-0.1314631177415644,-0.053335953471089007,-7.134708639573885e-05,-0.2287633374104437,-0.231223096155196,-0.368609658232948,-0.38209506226980894,-0.4387060431896533,-0.2650702097443325,-0.2785958844248181,-0.17103365683404664,-0.3377431153595816,-0.2120006510145989,-0.09338272068844118,-0.3031632529742804,0.23303605595263385,0.24208997924343817,0.09116242483548183,-0.073568958444173,-0.17261563058658475,0.06227589869261332,-0.28586896356642155,0.01883434404723918,0.028459453727673723,-0.018829476149274774,0.0578034893471554,0.13148977220706334,-0.0101401795589064,0.1563066436376998,0.09273626877802157,0.100103394845243,0.17286215939326907,-0.203213760641721,0.3530459045382256,0.2734964020640536,0.09424618298537567,-0.20258974065764887,-0.14343351154212336,0.03184000772557185,-0.07997649025156353,-0.14000887383212893,-0.21506486643994183,0.019067517922425056,0.28552374292421817,0.01607688419062259,0.13350987212129953,0.22455500383018304,0.2635288875886706,-0.01754750987474177,0.28331694013509434,0.1896544209946392,0.2515532090395792,-0.09092558641984567,-0.5583357302996752,-0.32704870845082373,-0.21099034971714492,0.04080297092473133,-0.10593432007753724,-0.18491767579173893,0.1422095549316346,0.30402489120193,0.14977609837302425,0.05054646936835212,0.22662290785763584,0.12351925520856556,0.27586938735393274,-0.38298564446832034,-0.5379770095824273,-0.4072580942707507,0.26942159409771316,0.3855288404463536,0.27104600847987714,0.41798031006202446,1.0,0.6957429582571169,0.5728876975660451,0.5317024041134107,-0.4229891597381717,-0.37890597103431456,-0.13289448315057012,0.4411907961964147,0.09478768112449379,-0.3668108161950028,-0.5085308190367444,-0.347221699496555,0.01446764155401536,-0.3854841014154022,-0.4911952084454903,-0.26808744394700534,-0.18876512034882584,-0.287526018056974,-0.1460453506286856,-0.20334249813714203,-0.3847231482930717,-0.1391775617806898,-0.025912033420647605,0.09455516547742927,-0.015037024137645861,-0.03373050992927553,-0.0024085159395968486,0.00548337887197983,-0.14145444644622182,0.010525878463383403,0.1034900488890516,0.15676325190727966,0.24344843172476607,0.30251324599533247,0.2480933831789593,0.26604985338814985,0.06910853478887938,0.1379301634986602,0.13602459294192368,-0.4776244523120241,-0.140990178406291,-0.6009275261942891,-0.5460660271806961,-0.5833101677853976,-0.5485566638578687,-0.18017858366753992,-0.3244740112067287,-0.5508653714572591,-0.20880437420958856,-0.28848980034868926,-0.07633813440367154,0.18412986956503183,0.23124215490210387,0.2613007578720615,-0.06249900618284038,-0.05045320521978772,0.2067634926496585,-0.23333982309961035,-0.09255278158709491,-0.015099478439802264,-0.20963888113227433,-0.13052563521682284,0.4904364489446768,0.16466534300034852,0.13802419803531524,0.2621458350423763,0.5297707186794683,0.45395643014336495,0.04207615037658043,0.27114767532010253,0.2176722387395048,0.10474195803160782,-0.3053523571867372,-0.388129542589731,-0.3665782921441276,-0.5255766854487458,-0.25584400902926774,0.004365422057126364,0.0929968096785006,0.5530702225009367,0.049737690733148335,0.2896352731033583,-0.0017821361472549954,0.19823142760224977,0.18438964126282983,0.37925050488394646,0.08571941679837433,0.24332053008572035,-0.1882681414547399,-0.3390763430265969,-0.12674741152676983,0.020811838072136,0.40168255168723954,-0.013052638473047036,0.20292556697224529,0.479849727018584,0.4516853013991267,0.5064324371326808,0.6229584611737384,0.5497667849316469,0.48191715537246366,0.6330025129378569,-0.27767166962686984,-0.39260474103070186,-0.33894599137267967,0.519553737362298,0.6452298324888139,0.5608532012986721,0.6957429582571169,1.0,0.4318303453155996,0.49649762613818016,-0.2969341102194815,-0.419708094910118,-0.08500379706777472,0.4198457336470182,0.01229486413802006,-0.525037455723036,-0.43694451064700845,-0.4616148889766879,0.15878357396600085,-0.3882657465045137,-0.5753559600628925,-0.4299203570850578,-0.4091831412643074,-0.4402640895492368,-0.30946488591096577,-0.3593354224979361,-0.4540318367640319,-0.06391944025447427,-0.1266529198663474,-0.03957836414104898,-0.1168218503540492,-0.15468944877878188,-0.06587530293297535,-0.05654125667019264,-0.2481886250776044,-0.12269026331891703,-0.024760657584050355,0.01566448705196628,0.17224015478764526,0.2055484130225448,0.1330506644293732,0.021934613289064993,0.0139124067151763,0.03202506524195629,0.007914145778013398,-0.25242109838940574,-0.11815283202784276,-0.5909792903415465,-0.553496870296098,-0.538226047466104,-0.5306562803367457,-0.12742707078850227,-0.15766011514982403,-0.6521190902651627,-0.22613282241532312,-0.34358970582917164,-0.055793487685528005,0.1728576650846347,0.3283162125502308,0.32464248513750343,0.11971059719297708,-0.17777871897920225,-0.012382104051199284,-0.4020600370990026,-0.12666492974138635,0.07771243021698522,0.09417067814606797,0.051265549969296845,0.30451690805809223,0.03883780920263839,0.16759768586889331,0.30098970334664427,0.48171080634259666,0.44769973140914326,0.04912657781751613,0.23209987990001257,0.39001488327505823,0.05061912356200873,-0.26365346594037953,-0.27116918538926427,-0.03283633111004423,-0.37265485384302105,-0.15038902539021728,-0.09638091574662397,0.06106289529088727,0.4814420011639576,0.1549727120960633,0.30555245757167054,0.26216215287358574,0.38513356463517057,0.15316754813189964,0.630157784489212,0.2715382318727587,0.36751074937251127,-0.05804548629741169,-0.4225990997354546,-0.33811615550852364,-0.032375264819014045,0.24725874035794865,0.029370855139849196,0.0985830523622281,0.38128298900222063,0.5131967674146756,0.5539206367706103,0.40084633539639614,0.3439775071849281,0.47158258978014467,0.4781707922081925,-0.38665631215277846,-0.4662673920330183,-0.4416991440957765,0.45682218102646144,0.47182560729815287,0.333206064740577,0.4318303453155996,1.0,0.567189604449483,-0.050745504127654925,0.0674271700979401,0.2241906258593036,0.43747131920146415,0.4358945550472761,-0.4380136821776439,-0.39677097509189146,-0.3989982222661912,-0.13621425723746172,-0.48144188851225567,-0.5483193924036618,-0.3721878069572144,-0.25212781158318964,-0.39147868753772846,-0.28528725622473405,-0.39803204648306306,-0.6195956163891301,-0.1583700496694661,-0.24678145064818915,-0.01771988240704802,-0.0802940099495234,-0.1541207427810246,-0.08436533539109842,-0.1249855271273434,-0.1571852153785836,-0.07150985641295342,0.06120640825844621,0.030637503597036205,0.29115896552572196,0.44267565708734746,0.17697680420673106,0.20442546191153188,-0.06548615965372538,0.07860456276152808,-0.00447195291665551,-0.2499206203892858,-0.431247191026593,-0.4697864579177912,-0.43826884360623086,-0.5073960140722622,-0.49639361880486,-0.2757425854428053,-0.2216884674238541,-0.36787678237405613,-0.09146601892483036,-0.5003334297821658,-0.1278879498206428,-0.28279902848065885,0.27909500113296726,0.2411563940951381,-0.28232892519401587,-0.26957675507104306,-0.03664890572762856,-0.17274435802799287,-0.4853720107527935,-0.35604107964988574,-0.07253403749460009,-0.410382001588208,-0.008002204631461994,-0.06665868926124245,-0.23192375758208353,0.4832538806751104,0.3445540176645994,0.478268963266569,0.31505914139504027,0.39495463193593966,0.2385606825576664,0.06608511688276936,-0.13353491753376187,0.05511451886985351,-0.21940686731259032,-0.3149425287018729,-0.35911422156689116,0.31242789182484654,0.028670752935969664,0.5955795322569551,0.2432468887421628,0.27115070727608453,-0.05877180867832144,0.1862243183357992,0.2867895624209483,0.3527302380485017,-0.11762356218944069,0.1054882797904452,0.031099834973337067,-0.15437405783047256,0.16087935123768235,-0.032427564675359476,0.3810983297656425,0.2301453511458392,0.3288819900871814,0.07189946916994829,0.12080391017345973,0.24166476780478527,0.5912044480523716,0.585398282046495,0.32412421623118126,0.40031108924641384,-0.13202997232106095,-0.032398929473395434,-0.2669901706030904,0.5241269776995522,0.4516027153432071,0.34745703699029207,0.567189604449483,1.0,-0.21467798957270376,-0.25097078757002633,0.1057242288602374,0.6936184518252835,0.2828967513625604,-0.6305256139218647,-0.4370319434827122,-0.41799316371860873,0.04374691494503644,-0.5289937244897328,-0.6037375600118723,-0.4163888727870595,-0.27376218323935847,-0.41425102945662245,-0.2071378317236977,-0.28389969317349745,-0.5539134244425397,-0.0013292593297664146,0.05723976260792113,0.237963364653121,0.13730507177816256,0.1404560737660066,0.16138695832579897,0.1446776738869421,0.09667871697316185,0.14749451472866848,0.278555472006727,0.286166971070887,0.2724444757521182,0.3663323183681217,0.20117388190309207,0.2342758654843461,0.01928288770300276,0.1649660115400688,0.251288338136266,-0.2335459292894892,-0.3050474415594652,-0.4765842676773572,-0.4351777323226392,-0.4996943552320245,-0.26538759444255006,-0.1915191601412393,-0.01761086317646811,-0.2771742433127462,0.04038891838131077,-0.2401982441156784,-0.09361003390705938,0.13588988038877917,0.4221850472237498,0.23030055203435623,-0.12971135393976954,-0.09330143291585836,0.270148717631609,-0.16194139737686877,-0.07525823716489911,-0.2007430496880964,-0.159953762894906,-0.2918204968610207,-0.047412137804484646,-0.0321373779826393,-0.14543199827346817,0.24993550500981,0.2626889756916984,0.3259343799878423,-0.10883775690395,0.5381462850789809,0.3409755291822137,0.030051143976880988,-0.21014009210179835,-0.2417701302385372,-0.1298903062002078,-0.3482575304720731,-0.22731850303032017,-0.06028852498458014,-0.003022533882306596,0.37644240361174175,-0.09453029882662835,-0.12116995248096336,-0.14498668951798563,-0.12107652351656333,-0.12425876548440824,0.09344555076283864,-0.11243170884820876,-0.08955416663574177,-0.3337847274758428,-0.4271034272562879,-0.17109582568826223,-0.21687649504141604,-0.049364148360420274,-0.2628289366943225,-0.06262384894965632,-0.019076876999868098,0.15285278992234824,-0.014000583619343317,0.20177293514778716,0.5237207844757406,0.05691219460920661,0.4117688597524481,-0.4145690079824023,-0.3524327700493743,-0.4667999617075243,0.5549246070369677,0.5131916355950621,0.44594595929429753,-0.21467798957270376,1.0,0.7129552411445066,0.31978984893743995,-0.290094483994201,0.4379843607160337,0.07575563972184964,0.2389402988870148,-0.005825079791628839,0.015818214470025654,0.009373092805598142,0.2107385334150372,-0.1223990729062268,0.04679762814167629,-0.057606736018997046,-0.10443502415031101,-0.21838798987698887,0.018423328855651924,-0.3442255510372947,-0.5317341740343576,-0.40008725910373527,-0.4105829419482221,-0.31049029765154645,-0.4401262846886255,-0.3537777210468951,-0.31327303963055,-0.16974580669588132,-0.35105927725369995,-0.4614107733883968,-0.3303622800875743,-0.31077056515087725,-0.39768004398274653,-0.3609296647702625,-0.4455525930232103,-0.43557226116602127,-0.4901084569146859,0.38033738673020734,-0.19958762648048536,0.598386192662915,0.5152034092798246,0.2193085352212476,0.14774034110431536,-0.2795652326870745,-0.1958533834637248,0.30318124095520516,-0.16136844773964,-0.16707580777981773,-0.2131211043234797,-0.38394016324010566,-0.09632490916241336,-0.17548252642504655,-0.13520843728528487,-0.27960709159052266,-0.389780398351038,0.40830790371335274,-0.35795064882628164,0.14410843796209347,0.3661246914199872,0.2380464641235893,-0.15111823748598618,0.04744777306077942,0.022776525069109297,-0.1999668497465049,-0.16951753341676343,-0.18255176624641545,0.22313476527573203,-0.21229125771284643,-0.16515573884868837,-0.03348706589923929,0.26660486704358205,0.5982439485548365,0.1819047075929684,0.49912200549575614,0.1616137440595457,0.29239303566387004,0.22913340098088852,-0.37585716656238494,0.231575092328702,0.005560425564880789,0.1903725738399409,0.14434398333561765,0.14784571462100435,-0.0746289388018512,0.1364982395110933,0.09110250642301151,0.559472729990904,0.5197214055553646,0.5264629002886231,0.2860009904521967,0.09545053396125683,0.33047558948275124,0.3032981120533404,-0.12333088656935157,-0.034542197959306076,-0.17631837936106665,-0.24028603917305907,-0.2786056307962025,-0.27809467136996835,-0.16764287905932196,0.4984031383823821,0.7069072916025244,0.3385717489560574,-0.26972123334937065,-0.4625939713916817,-0.23463539438063807,0.7129552411445066,1.0,0.4512519260547784,-0.19094098061441167,0.5005750414236193,0.20026984776598988,0.19919016921228097,0.02920415131142877,-0.2540475472301251,0.05452984930672834,0.1983688393656588,0.05189815221838767,0.211562143171768,0.04321592505468407,0.13055953342286114,0.00957739479323844,-0.07578394144828884,-0.012054111435751788,-0.26890868958227937,-0.1150151745051061,-0.08221509662754357,-0.10583853060911404,-0.1380351948760528,-0.057716766740923006,-0.01212893238398098,0.04561117208622681,-0.08377041672452318,-0.23374507228103616,-0.057607522062552895,-0.0657274069079738,-0.1497163725109994,-0.034058671150176564,-0.22638300857114743,-0.1637756468076402,-0.3197650911149563,0.1324049257256828,-0.2111549536652728,0.3659560467443136,0.4239885092570705,0.10308939350357763,0.07299088980205477,-0.1067620590533204,-0.012088269019825416,0.48237131003099337,0.1945278407787128,-0.1546207435572893,-0.0038934794405938097,-0.4676189744079129,-0.04815143390379745,-0.04242151496358365,-0.15722673035762572,-0.010844474385239297,-0.14451337280541807,0.4891381047569277,-0.26010065052525644,-0.12846798083041494,0.0837459353641472,-0.05435428861813512,-0.2734218865060266,-0.07606340340348737,-0.21543835777192152,-0.09677885576778707,-0.2128423432423854,-0.06905189007108467,0.20457851889177603,-0.061007221025729606,-0.1261588210905669,0.09347991549698813,0.16021591857072923,0.43715120207916847,-0.08206281396726865,0.34351430648374826,-0.08834575615377553,0.24302734904683732,0.13200726372008623,-0.2291869079736261,0.03257654872845096,-0.10174028831861597,-0.16035177865848996,-0.10549328540497233,0.05302506885069876,-0.2631429086451969,-0.11782337657965893,-0.16445332493092432,0.3250938015267327,0.49974971991368605,0.5159666504330473,0.1561855720216106,0.003839303575317425,0.3153065375235048,0.3212199145072596,-0.2955021358748211,-0.16323324298551142,-0.36622048150075265,-0.1678474662986451,-0.11186618728949883,-0.3306439999895693,-0.23969639287337627,0.41272703007565253,0.8533616940990301,0.39530450193052113,-0.11235898276171248,-0.37939038322138097,-0.2791484678186723,0.4512519260547785,1.0,0.1281008499596516,0.2492010193985576,-0.13803412558172176,-0.07162881672903282,0.08201262155458972,-0.058316561721822736,-0.1777380306951702,-0.05408704554599917,-0.1627698850628848,0.18068131550195035,0.03143412304745857,0.08984046885787485,-0.1524232982677756,-0.25352551691671654,-0.009610451251117952,-0.23338831066328025,-0.12608149371012017,-0.044945409743777136,-0.07753660791768092,-0.036597258672713275,0.05131268949018746,-0.15232815809885747,0.15021536958989995,0.06748655666749558,-0.06007250041272484,0.13420652680734765,0.2656254281600769,-0.08743814261279442,0.04808831970607009,-0.2902398744368184,-0.13606338276347352,-0.22662034097854872,0.08303373651137137,-0.4793097977624517,0.024332107221439348,0.03377322094061118,-0.2022779526395068,-0.11541737924602632,-0.35909910916642046,-0.0014281547289142491,0.10204976929050552,0.08703181869472233,-0.2896890288672059,-0.35742864214776043,-0.36696829143529464,0.34481247482637645,0.14154538054848695,-0.46442297445503655,-0.23787859551373275,-0.1281448870481033,-0.024726850804624886,-0.36404426385910826,-0.4112477345309372,-0.03471830428827222,-0.3874533444217588,-0.38684404457540583,-0.29004530220672264,-0.24317266286255987,0.3332750110394058,-0.033309561525086115,0.26373121972868646,0.28558975140228066,0.4127667512838452,0.2773477628795287,0.37481494366001167,0.44347800738799575,0.15799275601790455,-0.02023382184530946,0.03091859936128744,-0.37312878312023606,0.07979109029588227,0.14862729813467343,0.20698929776692823,-0.001271609631491731,-0.11041994582348544,-0.11445242151031342,-0.0585613912264764,-0.11470438707315717,-0.023861708562427125,-0.32056920907586134,-0.2191212306896284,0.1259008851276774,0.06333141297259268,0.13898278200499584,-0.0816778162260206,-0.25646533964465884,0.18676059076544185,0.1219860859758272,-0.21468655977916748,-0.18319517915977676,-0.2474023782059953,-0.11454179500259072,0.17991650359634812,-0.1662881288877859,-0.2185340664381648,-0.0062606770664183535,0.298606214993168,0.3445536935603984,0.31873031775001914,-0.03345010470815716,-0.12415795149376364,0.1281008499596516,1.0,0.3030104508377728,-0.5858790675160652,-0.5318260601375235,-0.4620152616701977,-0.17591176253254487,-0.4932099639039021,-0.5586007111567632,-0.27364092228285086,-0.136588971917926,-0.36890688359307233,-0.029035350803642477,-0.03756959511422012,-0.5038209414406217,0.2463598588314218,0.22692155403131284,0.41832099223183433,0.323782219041565,0.3817675875719044,0.3853467947430792,0.42972329768286394,0.21427739564568507,0.3423887538660826,0.5088115597616432,0.4828211617087072,0.5712647956043997,0.6232136582459891,0.49106765454331486,0.5164317794153078,0.2480010992250232,0.45245930495093933,0.39973355810166894,-0.37807937207928655,-0.2108993792179339,-0.516243797753118,-0.5061726822661953,-0.5763589723837088,-0.337481420549862,-0.04087291623957095,0.16817827582979017,-0.13332305128135397,0.28606556008209494,-0.2680159722589903,0.11061098344427,0.07977426723484138,0.4449846534407848,0.4353878943902213,-0.0902561493558069,0.05471964309204805,0.43384639471322567,-0.11119601491849745,-0.06805967270772502,-0.4132157310499791,-0.31613787700756,-0.41057426609163417,-0.10607694920080976,-0.11838514634009487,-0.27114260920856925,0.23908734577726792,0.1078241814718354,0.3768559084754516,-0.11277051632285684,0.6149284161527497,0.4398670706286752,-0.03073123540733772,-0.28504435664770555,-0.27224240224582247,-0.1312320330262281,-0.4416813160171663,-0.46010368132606366,-0.2779923573921592,-0.19228420048610417,0.5589756337327184,-0.2364642796992156,-0.012100085441659823,-0.18444592468264812,-0.10020230408451943,-0.25877726471961127,0.07175994614859939,-0.28513321575447526,-0.31494045756431543,-0.3551281563079171,-0.4328736887639551,-0.2313409010830736,-0.3078630300915716,-0.08128209663189018,-0.17712698512130634,0.003617413484477841,-0.13513233719385004,0.036606731999597034,-0.10393770967091456,0.330575656882286,0.6187150562073425,0.0210893105456062,0.14250570093605616,-0.44442727250220737,-0.3164070435195789,-0.4809713284411498,0.7159802471007284,0.7016604508821993,0.4664176635668524,0.3030104508377728,1.0,-0.14010056874693239,-0.09597862219957311,-0.23396559726942473,-0.150185509570378,-0.29558880594997566,-0.23109816961028648,-0.16483172207801625,0.06262550568063642,-0.21679867975194944,-0.06371200113826339,-0.1384060765501224,-0.33264859064481184,-0.12101209170608596,-0.34465164991704444,-0.15645159916679033,-0.15735545474041693,-0.1432501932732413,-0.20649844717940083,-0.11200787902915056,-0.16498980125085108,-0.024824375227188295,-0.07613108593924915,-0.18837491097927508,0.012452268936642382,0.18098172094075124,-0.06474728991599592,0.07129548074046482,-0.2340749763671072,-0.09831247383497344,-0.1966717668302638,-0.04131283150595785,-0.06949867904299496,-0.020269925238186996,0.05540462514218237,-0.14739852435202264,-0.28475077268988264,-0.16343030113668075,-0.1312447131654062,0.08231168675051169,0.034194725081106506,-0.38305529220573553,-0.005000411048374299,-0.29076258877149014,0.1087378252859394,0.123610885997111,-0.22604217809410967,-0.22756693142194945,-0.13723081832888537,0.2707248967690889,-0.40338055175574383,-0.14594692068867426,0.09546368420533875,-0.18983081372818353,-0.1215844221893748,0.11835001370863749,-0.24355434085296648,0.04226426339956846,-0.08281883310333214,0.11853023425387749,0.2198458120244013,0.2039610838098998,0.013482484842015644,0.03882489222513201,0.06655705332031543,0.3251764004613812,-0.2030671498871729,-0.011241570291601395,-0.12773296283506888,0.40018296680217114,0.17972478473383635,0.13352048904573982,0.1361794156883998,0.03108745740324139,-0.11341738172896332,0.0006918960968487507,0.2315701300977192,-0.026692829936334254,0.016646948168674288,-0.06813456190452119,0.18400565750079667,0.25749523234493366,0.5382907267407405,0.08704244397119475,0.3079504795044379,0.222248488777598,0.3405129299146646,-0.10960320440575531,0.0707437327358011,-0.12481262074724492,0.22499175804448035,0.3035501472546019,-0.10729394092106811,0.14535093871522864,0.3075156652437972,0.41469555170234607,0.037658629324364576,0.36027059025138874,0.15669137244375952,0.3517499430007087,-0.14010056874693239,1.0,0.5314611760276112,0.6634498337575595,-0.07213206497957546,0.7705706037606447,0.8270802512725837,0.7998563145575354,0.4876861353398065,0.7344243654392852,0.41279368419608575,0.5742542566140235,0.7580604931012082,0.011863310789928867,0.10283752612128756,-0.14621938647827723,-0.03831638631796731,-0.02696197036605556,-0.11598503451371568,-0.08242482444001666,0.024181984557736187,-0.16116490378647702,-0.2355722116491088,-0.17740238442633857,-0.35713441053119804,-0.5104616276831436,-0.2031868987331208,-0.24844295035690797,0.03751202518380329,-0.1048784291360204,-0.146734395555787,-0.021273546015791574,0.42795558778489423,0.3915370777849272,0.5065335961502758,0.5120109313906884,0.39540236896458464,0.188567437764948,-0.04491277004588093,0.3291865226998592,0.009904442376763623,0.35474862188909045,0.13534402355182865,0.0645624796122096,-0.468353556174973,-0.34057113809325773,0.07448967887586595,0.16910074502674396,-0.1422561425880941,0.11809298322882548,0.2357281288863504,0.1343766145315127,-0.12909810508000005,0.1563179182656096,0.04204829960902358,0.16672449460440175,0.08662680965915164,-0.34699174000172484,-0.39295062638027406,-0.4405306986687471,-0.15305888509838117,-0.41005882309628433,-0.40145241820404576,0.004938266443285009,0.03168772416771332,-0.026560146971879764,-0.2017875028762076,0.20358195492497896,0.192168344867158,0.05181605295957168,-0.09699570550274454,-0.42756168749400975,-0.09922794916856445,-0.07410050225706105,-0.2068658312497492,-0.2584545627069924,0.046974417717626095,-0.2795111388024768,-0.03212285819091513,-0.04289776116046932,0.05592877782906192,0.2804656393468525,0.20716438105217047,0.0008326284140863055,-0.0074378297388366064,0.05094761991757241,-0.14621946760437252,-0.0061951191184027475,-0.13674735201742197,-0.1536262609848804,-0.26439031459834733,-0.34916897339667985,-0.09114604111535987,-0.22779884613755289,0.5670617836368816,0.3152786058961546,0.6025396360881302,-0.4950579034437166,-0.4909279592244278,-0.3374418221065624,0.5314611760276112,1.0,0.41598169658583767,0.14104035167671236,0.6830479586825595,0.482219012918186,0.27694753981860326,0.12451078565507143,0.22358976122776372,0.0070887575386559985,0.20289476971785536,0.4592275142308413,0.08318843082165418,-0.014869380700004596,-0.16629115670486555,-0.07394875326291332,-0.07160962989729115,-0.08138373903357392,-0.09309784190263742,0.13862254303869584,-0.0645700160801152,-0.1650434009208364,-0.1979763770068288,-0.4188053212865129,-0.5063904553955918,-0.26815895028183867,-0.3858906605280469,-0.04216093834931767,-0.22462937009895664,-0.21782976465380527,0.44830617167542025,0.47392303836512734,0.5488218269041967,0.427440580044828,0.6390818161938692,0.6627337269913074,0.3067433472274307,0.24836339081711087,0.401550687345168,0.14807560248607626,0.37683044132526056,0.1759901146575343,-0.05455808191939994,-0.2564196208807886,-0.35806191435370444,0.16022849196843392,0.034721700026797635,-0.18944771748468192,0.14221079653981397,0.138387272741666,0.1446702671494886,0.09095110843911075,0.2066101163743521,-0.19086175779047332,0.030284801441333727,-0.02266500157406937,-0.3691648209785804,-0.23276534276281385,-0.4099574439147818,-0.06500987848188586,-0.30163166909032324,-0.3282193703309416,-0.08580334201103468,0.4004687163694559,0.05441697139351601,0.14848007463255367,0.28890639275712166,0.3352767579369841,0.01345785854963518,-0.018005836356458905,-0.4539408991249085,-0.10704149755983218,-0.16862512355133555,-0.10598614796181388,-0.30929767827103344,-0.09568282229917936,-0.23324340597886423,-0.06864851243727224,-0.17381636531518616,-0.026897671552852782,0.2814217799666453,0.08341518621380793,0.039475490302821936,-0.19590957721340613,-0.16932002184456196,-0.09055686448732339,-0.2125819591398498,-0.20969488769071137,-0.19068700700097477,-0.3864715767961453,-0.3940300974717788,-0.12340098851647002,-0.3340745840515897,0.43978136239175947,0.25767074318888555,0.4457762488979621,-0.4297199219206475,-0.5107974989164897,-0.41577925107719,0.41598169658583767,1.0,0.24000072714363516,0.5746239683021708,0.6869315476776969,0.553583465310019,0.541960898694823,0.716888814969374,0.4144107523387164,0.35994654217637084,0.5570791539471145,-0.040315808780446216,0.0469495119243505,-0.20497099124711324,-0.01291320118509038,-0.06518494186009571,-0.04780945131087821,0.014708777233121612,-0.025409465142387407,0.0057330530269446905,-0.13067490523453015,-0.1280678431446012,-0.32971737635923737,-0.401137786716576,-0.2841714988499447,-0.30511641485369145,-0.23084944913927533,-0.2991676007722997,-0.225606395503298,0.08540597436105628,0.16217942880454175,0.3673636356774388,0.3299341293780899,0.4195800345478191,0.3197514807973921,-0.19165686044414104,-0.023041624916684912,0.2598897209743771,0.01393384879074544,0.29650698483222565,-0.23125393365527128,-0.026037736538619044,-0.273633586673683,-0.3800185886357063,-0.2632904786635933,-0.010144744107182356,-0.14958398970080664,0.03842712852455782,0.1573246330954675,0.07617485873277034,-0.16461321083400843,-0.013211521849750845,-0.07281278709018199,0.07402283925485477,0.054218590409246856,-0.11390753245029604,-0.36857341465749666,-0.4917286501478312,-0.14753322419478526,-0.21570270790287893,-0.2132350216514438,0.15177184666910765,0.2370780892241548,-0.03830171221914177,-0.018902706861653604,0.20797302174971624,0.02493106147968584,-0.012679748699126992,0.01364470653064769,-0.4460133000804293,-0.1863737458655392,-0.2769578692356474,-0.10879737972474209,-0.28761695943761256,-0.06635899858156846,-0.401012515482756,-0.13235642024734043,-0.0764279696176589,-0.02869898976327801,0.17642517196902716,0.09530581831551488,-0.03596649344703772,-0.20070048159086512,-0.06725284084352061,-0.4062113408932415,-0.15378391103791048,-0.240237606689881,-0.33287476394459387,-0.35219430322726847,-0.2713729479483564,-0.3204791653752972,-0.2639273439300489,0.28197220908396226,0.16027519691450845,0.4808627466554672,-0.40059671805332975,-0.48595244953817873,-0.29562790688856766,0.24000072714363516,1.0,0.18987612961008435,0.05402384944122438,-0.32048387454238925,-0.35077538958158166,-0.1548486679006267,-0.3734274979328927,-0.4459192985564511,0.05392105293175837,-0.4702397341055347,-0.3861749581224074,-0.47400045171197847,-0.34686223069258454,-0.3533352898895215,-0.33938853899193444,-0.3146106493588921,-0.29839548020465456,-0.26582025872983334,-0.3470028759434309,-0.4139841534803988,-0.5749441244164171,-0.3736627750786184,-0.6007606632184475,-0.5447929538651477,-0.48934239521011785,-0.547653339842929,-0.3244850739295507,0.36642307071019614,0.1428891209495891,0.25837081127105294,0.12594602766193688,0.20025668664302831,0.06725203979209614,-0.41184177494239377,-0.32373396439392577,-0.21259616378969823,-0.40948618300844664,0.1428413354797588,-0.5128722387830564,0.222807933020062,-0.18139037778303707,-0.46771229074888854,-0.3169717356761357,-0.4330360522135612,-0.36233462858393345,-0.30800090872646946,-0.06777395163518948,0.4183398068222729,0.2469374712658308,0.3996279834470629,0.04079070404969312,0.0815844743205606,0.19793181208841967,-0.07541892072367286,0.1047944276137082,-0.07504698302571002,0.05198887588596088,-0.08030490155487192,-0.040606371286217816,-0.007980730791266414,0.329139667582645,0.1224539931150249,0.19023623996732772,0.22119088799021,0.2517092293429671,0.22503768988337997,0.11697818398025855,-0.1966590812542508,0.2984353855382946,0.11217690766307548,0.35029622292172097,0.29070170392291306,0.3361104578971851,0.08116864945622179,0.40359632138741386,0.28582585370341385,0.1631198700154408,0.05412824710199969,0.020891466546202175,0.13307718933917473,0.12502087724512492,0.028375340844316213,-0.1562958625269906,0.186860573761274,0.19114806696534312,0.21767296754642249,-0.05514565107694707,-0.23240352643547696,0.0940250408955428,0.24020277464590417,0.13547351223012585,-0.1856226140533876,0.06457555852954358,-0.16077233580399647,-0.136766657680783,0.20376020790495655,0.18987612961008435,1.0,0.7907900197118357,0.5033497528678144,0.2238606081719008,0.4590460026736905,0.19497618830957048,0.42117317076185606,0.7658196699737623,0.05506255151913411,0.12998080102094056,-0.12132876975967229,0.0480092807792218,0.07679114464412311,0.011297382039596413,0.04457834626953736,0.13959473683327883,-0.0251664166426126,-0.12369082088213589,-0.10194784585861212,-0.4741550218868837,-0.5824239307435961,-0.2751759361457503,-0.43692744364135017,-0.010711950182157244,-0.13002078991181423,-0.09823066910703145,0.012271112861425328,0.49803428527839344,0.3949894045321156,0.3864497177689528,0.49782056677192654,0.5484803088671182,0.17080223008949924,0.03683933832757141,0.36626003475190727,0.08128089774327622,0.5074254495287662,0.006615468507172466,0.12297865324999863,-0.4294081393724412,-0.5101188683223559,0.012106185027049871,0.03480957465767712,-0.08862202228833807,-0.01469146574729452,0.219030045287642,0.12426548972034308,-0.16169021086889454,0.24199564783188865,-0.07520650958380631,0.0227372656947107,-0.004993949491250617,-0.37056084099265313,-0.3476611903714572,-0.3986956731570188,-0.23010249556007556,-0.289507447527915,-0.3896668106300108,-0.10962698943248297,0.04370181420851481,-0.09617863066703113,-0.13784406631954457,0.1690075096176417,0.1264125627803374,-0.0887299986719687,-0.29283530344339587,-0.3820041565836302,-0.09620614111581335,0.02687554372558788,-0.14046477975594843,-0.2140609854670112,-0.006042475147952908,-0.15690046804376256,-0.027598128915150406,-0.10702378907165944,-0.03597111054946843,0.07938406382946622,0.0349353368173872,-0.13946189459977004,-0.05039594726079439,-0.09356326595836381,-0.2239433630227996,-0.07582369060002252,-0.1313350167322541,-0.15731970555666827,-0.28922803497894933,-0.3386159931471943,-0.04077855854025624,-0.2332794369567729,0.5365775320073285,0.10080795371932298,0.4909356936853228,-0.47813500869365216,-0.442851519859362,-0.3568269631931396,0.7907900197118357,1.0,0.6315716869647396,0.383088847229169,0.6862635828909766,0.30454493068527744,0.4539156419775788,0.8371899637322224,-0.11443407697958848,0.023952245507726205,-0.19259063076554983,-0.0856943209407233,-0.008715347479818942,-0.13424810546998076,-0.061291397492973416,-0.03982054137918888,-0.06783758237585354,-0.22460258563780391,-0.18149619257776184,-0.44290203642928616,-0.5320688286700684,-0.3220835342326325,-0.3883964514699395,-0.16425524680417744,-0.2318287354653749,-0.21212656982708053,0.02708195632138761,0.31825087786419687,0.5536558832025854,0.5650675475282997,0.46889899615987046,0.43939250215661846,-0.01861753003124848,-0.12181069951752645,0.4338680519937674,-0.03244868948128279,0.3281825319099322,-0.07469704115080422,0.0920497928796106,-0.4446895022387032,-0.4346540127838436,-0.08806063751364246,0.030816278696983935,-0.16738390163572847,0.1819216853722919,0.16274309122644587,0.17918994237789457,-0.11667122721189528,0.17107443150364415,-0.027546243641512216,0.09985102027964704,0.10468233766640175,-0.3191277504229336,-0.4133753865956681,-0.47229958973657576,-0.17712016506366798,-0.3928826077000421,-0.3859739020816357,-0.07205280172930806,0.034725250638906975,0.07763207803228099,-0.1360509275999439,0.23819537732441168,0.1434291278475897,0.0007368860666419286,-0.19812751668319853,-0.48988914796816946,-0.07053585545019983,-0.043280456121538656,-0.10873767798393683,-0.1967129040714617,0.009563490326671255,-0.29087942288830243,-0.028456363185507195,-0.03821149512293219,0.1059540369605274,0.291669815530644,0.25546752044838433,-0.0020700561814300674,-0.041799993307787206,0.006731001242781383,-0.18423674929794356,-0.03251819945942834,-0.20905804443523568,-0.2894934424510109,-0.3470973832886422,-0.38735138913851885,-0.2207709998157273,-0.2513080165345902,0.5985745750447503,0.28933641285145434,0.5775043411482625,-0.5499020711725275,-0.5226901807000939,-0.32959684895068475,0.6315716869647396,1.0,0.6177737815902501,0.7904365154208847,0.605347298975536,0.7796294731272947,0.653615161410074,0.27850525877687055,0.3942974751624764,0.1345408542772673,0.19210599941846457,0.2105313535763118,0.15816248685971696,0.169454468000255,0.20657354802704417,0.05458723311673341,0.07865919625868936,0.15757573914154663,0.003028635355453365,-0.22861837088710008,0.1210056669876026,0.08459588869907089,0.3321376397912146,0.2196820394198037,0.14568315615057523,-0.2142588636465448,0.35754484791701013,0.10742926702620732,0.2951786348724465,0.32359878710324824,0.3225387553855799,0.36109075992774153,0.18320798259450008,0.32584292025440215,0.2123735225830876,0.2742449972788479,0.3407985983903399,0.06464690957257319,-0.259162042742378,-0.10461288646597681,0.20004829282198888,0.32442323024701963,0.1422784878609641,0.07660413975285735,0.3347552062426129,-0.07622533429733366,-0.3101572036472592,-0.0727679075664083,-0.05742961648248038,0.06408648723871632,-0.04506274252757515,-0.2852224994586978,-0.3641286320666517,-0.3446775517814004,-0.3429810728616928,-0.2099908318649944,-0.1822317660988446,0.08176251407399036,-0.16691953145587085,-0.25102918174981004,-0.21049127396646164,0.03539085255725899,0.0642963490094873,-0.22518363673665523,-0.18098214615161104,-0.25544957261446205,-0.3571919571917132,-0.18617291636104985,-0.39554191600710126,-0.42866936140909534,-0.23139167149355488,-0.34221748525461626,-0.27101621787786456,-0.2707039088146244,-0.22812008101938808,0.024729884609288096,-0.008807857597371783,-0.22981291479243335,-0.20167601066758392,-0.11966574244333626,-0.26425290409968943,-0.16869761711370104,-0.2527186940794494,-0.2670288647923755,-0.2631216636533627,-0.14694367596590396,-0.0947037206405837,-0.3059154706861279,0.27357492676371364,0.11607702158628289,0.3560398905790738,-0.28559015943101734,-0.312045613707911,-0.29230222072618883,0.6177737815902501,1.0,0.7279071325981225,0.858080618883274,0.6210707275537741,0.31265033960427707,0.25568864045496337,0.2889615820249382,0.13193128539574045,0.2269588906937129,0.2003643867094822,0.1589881701739184,0.22046362120074223,0.09148115025459229,0.2873907342123979,0.1765069563063568,0.17871656129472197,0.18153663051956756,-0.052043534068739995,0.17444013326805513,0.21248427545807635,0.13941445650135695,0.138077556828573,0.007719636722365823,-0.25569057024913006,-0.002261027495373856,0.020987545161763044,0.20760032510688145,0.09279513222667789,0.14528123434227838,-0.0001493359507794485,0.1427277569476677,0.3756036946482988,0.28381836166420454,0.17272942543238148,0.0339542917115597,-0.22386925228849247,0.0026336690919571953,0.1109704701041156,-0.04632274435719779,0.35075620719915773,0.21458014860362912,0.29577109206114144,0.225346493629292,-0.2148649727803117,-0.3115104525381044,-0.2457465684571307,-0.015289926447598936,-0.01317407210807752,-0.02309067405646317,-0.07394414643369975,-0.3784013833421787,-0.325933138577336,-0.1637145969685136,0.02458726419938769,0.01711905669367767,0.3906693838288436,0.008843369328201546,-0.19165981075092609,-0.19300777323982884,0.0716757830604927,-0.1514736696583814,-0.20693063235206025,0.156534273206116,-0.2099795079583041,-0.4165438191984042,-0.36880581679597096,-0.36428173872681746,-0.49345678394245673,-0.3800586398782308,-0.45723279348733287,-0.3922287561351456,-0.26239906173527955,-0.13243751084220956,0.05209321465841632,0.112044373078744,-0.11852015229862659,-0.3038368969821539,-0.08834036008672166,-0.18613705575166956,-0.2743811107046704,-0.28817720171734257,-0.40922168734582814,-0.31773328406357043,-0.022972985449484465,-0.33441895792725734,-0.34834900814460656,0.08121478035561928,0.2614040544884997,0.33794712402911614,-0.11505180520285609,-0.2609584390024528,-0.27703596932640195,0.7279071325981225,1.0,0.7140054463814003,0.6304648430795486,0.603185084508887,0.06852642537233565,0.19554770995477447,-0.054806119891863694,0.02808890559245844,0.06370006526407017,-0.006582642488505646,0.05525583841513379,-0.010862300398675268,0.023491465110679732,-0.0367792965433447,0.019368205658394873,-0.08514366608914678,-0.28672647230646947,-0.0767491332116717,-0.05052930697622145,0.004166135288485638,-0.05459034827102618,-0.10034309246313824,-0.1313762904798211,0.13488110891614197,0.1743401978298497,0.29920442051366064,0.26267053062194884,0.21855742522886917,-0.00808514245238638,-0.009122596714676415,0.29103913929194525,0.07490672831246446,0.2451582318467249,-0.005176452701984231,-0.003205476239313108,-0.211159248901668,-0.0785680933947168,-0.0716532679885383,0.2086115922785237,-0.0040718744406024136,0.12639538833244612,0.27576998347986703,0.006774933413577166,-0.25692275459685104,-0.07785001808729537,-0.008139634816458104,0.06359719159820178,0.11738981606364512,-0.09757039167775973,-0.4080143818995032,-0.42836288171195697,-0.21114911301311784,-0.2170951488831338,-0.05498362537721212,0.2681761853962808,0.012541863753257396,-0.2138892918326256,-0.16529606010088263,0.1171902249974225,0.010101628619357997,-0.1346354483123456,0.023203656170443426,-0.3195868577804713,-0.32168055209114116,-0.3157001921231707,-0.2839672396885129,-0.4073399458899761,-0.22489943433250384,-0.40185942818507114,-0.20131647957937723,-0.09242016073433679,-0.1382030484286577,0.09456989537100706,0.09178369620801585,-0.08424774088450558,-0.23503512981918392,-0.10688099784302715,-0.3488522904665757,-0.09943067860355805,-0.2534952634626784,-0.32571074298732927,-0.3371665167479937,-0.20135141279260807,-0.2500785000466866,-0.2897976832330813,0.1973691320131848,0.13074000512555206,0.46557443060080766,-0.31423243817795166,-0.3992440464642624,-0.28647478702501444,0.7140054463814003,1.0,0.7331745386076451,0.28681752713199987,0.4150803858089585,0.46210267861770815,0.28906472123028537,0.3808412049494625,0.3546770123545449,0.3446942112238404,0.39087831628247727,0.23324249493537047,0.39433410075058967,0.32942365209149943,0.3289765965278183,0.26867311817583733,0.0130942323056204,0.25510855993561926,0.2732885360730407,0.2813009041266227,0.29372389024069445,0.17737362091644335,-0.3561728923930702,0.02490720962091276,-0.1397917197394225,0.10099208273999352,-0.02744977443607017,0.1220526247807048,0.08614595762780243,0.24675968269674464,0.3918962128114409,0.37209929763809657,0.24164453340823064,0.0896200087270336,-0.14883283272764739,0.07693304584951796,0.11657948839931256,-0.013215485064493843,0.4039603333927797,0.3617994413068852,0.23477734315635457,0.31156219995769446,-0.23392627883255,-0.43270517093056954,-0.22457317983239727,-0.07141681720744956,-0.14765669323493352,-0.09748837870332291,-0.06261086785014615,-0.3900169087288872,-0.26328833066439944,-0.28935495092266744,0.11474671374914965,0.120265627048736,0.4286426707052153,-0.08424640428937044,-0.3616043341622702,-0.2554282589598432,-0.008841712099732715,-0.23394333199836767,-0.4022707968592101,-0.0006386922048295559,-0.16324719254793715,-0.5663961222036329,-0.43596023317392424,-0.4557121187170831,-0.537417623848415,-0.5108470825307715,-0.45144968218703774,-0.4224507476701906,-0.34344963391089234,-0.2727070391650178,-0.11874049675800093,-0.01009883015934774,-0.22314212062613423,-0.3995516866680025,-0.1579642494730636,-0.29417611480526373,-0.3430477853264654,-0.2560770420501607,-0.4290895142136588,-0.35482689093957065,0.0029363807986345822,-0.33130415433421473,-0.3847537117685264,-0.09611776134737852,0.13196489158920735,0.22890409506397544,-0.04344096695915816,-0.19961371503247805,-0.2828903527400726,0.7331745386076451,1.0,0.5820852378563521,0.5645964346753009,0.6482933378807979,0.41929394251071217,0.5009271509450424,0.5174383281047332,0.4912630918708993,0.4925688186752857,0.433665088850807,0.37925301192647126,0.3920929129207966,0.4447014408425927,0.18094003026264177,-0.06779470368254713,0.3031598233110957,0.2456982997809112,0.5047117972695141,0.4397445031897741,0.3814145355788323,-0.35210149941856017,0.3868208713714951,-0.09319552520893945,0.171275739876485,0.147854550705276,0.3049914691469371,0.4233801165000229,0.391744471889679,0.41331365122443897,0.4254315183151784,0.33479987726235716,0.39087002233470686,0.06272591110439533,-0.0908139301907328,-0.04460856064656511,0.19413369604406233,0.4466769619901005,0.4754501667528896,0.12839459759738267,0.3677059344041301,-0.21597040666301287,-0.4577651901482154,-0.1919268625305098,-0.12635997036778188,-0.11758575568607174,-0.21468436043919997,-0.2440041792714272,-0.381280344978478,-0.22655131081011437,-0.3985442918979076,-0.008166744464942739,-0.09400053837926672,0.0863256799993215,-0.22735745363064017,-0.3923274082281748,-0.29357248869652347,-0.1758932579075686,-0.1379548421623467,-0.45458749972388657,-0.3435291656355526,-0.16791998455572463,-0.5296272510648254,-0.2599309865831116,-0.485712227085332,-0.5512976949133316,-0.4618759436238856,-0.37214681295707847,-0.4297567436335129,-0.47621433954516473,-0.3939651760265791,-0.12783900272521845,-0.1350276219704402,-0.3325431161766961,-0.3202849882965723,-0.22003013775862304,-0.2790700988309771,-0.3122718432732932,-0.3061892728731997,-0.41133600119586344,-0.29157487417154254,-0.0546653660720146,-0.17405180425665595,-0.40091009312337206,0.09040067594423626,0.027539376879891168,0.18441832265125035,-0.07884404387073654,-0.15602247706922032,-0.27096431648475133,0.5820852378563521,1.0,-0.006933427751856146,0.2165189625855912,-0.1055017312293358,0.020102619443577604,0.13467330038343783,0.002780401091975598,0.03992333440525404,0.05168749393545802,-0.02206624348633495,-0.12711906535418546,-0.04677717396566081,-0.41622491849064885,-0.5206338538466725,-0.22261748453414185,-0.3528319863117934,0.052345517958973575,-0.06934279772939017,-0.015918476064905426,0.05685453570752071,0.5239380651361366,0.3988103974427859,0.4336653884073874,0.5042154799362333,0.4710100029685031,0.18027812025631812,-0.01837458884399661,0.280755441140663,-0.03783551460316872,0.4073579755041664,0.030436540313249515,0.22091583156131356,-0.4210624302488517,-0.41470491314750946,0.07479362896401301,0.0389138129706376,-0.04009013268347699,0.0172697332642455,0.22686613175038028,0.18668968358786425,-0.07111431755743304,0.21271146914198752,0.03652709185025605,0.12229471963497444,0.07768828864620125,-0.37763781607481894,-0.3178550372450737,-0.4718127582703569,-0.26990367159866907,-0.370700760750588,-0.4555959841607925,-0.10611979667543844,0.009125064170130566,-0.03459628164466521,-0.08221092853142724,0.12946166383348492,0.2418963331138098,-0.07608825632026417,-0.30072036365650173,-0.4443789308349732,-0.07175364761166518,0.016556108449580168,-0.08461187913579529,-0.18376101013848964,-0.03740559972549364,-0.1551248977682012,0.017456291606284948,-0.06716448108176229,-0.0026149640691612744,0.11675969864235441,0.04988590175769434,-0.12556430883723907,-0.06676671416085996,-0.1252852214642161,-0.2981144769828726,-0.0017507828883116128,-0.19141447885261825,-0.16945121920883455,-0.35586503640701567,-0.4161360819817074,-0.09739378229034083,-0.23656895957341956,0.5014329528890893,0.004899435241094234,0.44545919445483056,-0.5075895305080941,-0.4471949198291312,-0.2914330593397241,-0.006933427751856146,1.0,0.730752838921182,0.6399761946356469,0.7710641155727281,0.6203806720670944,0.7596439067542371,0.7182616572119409,0.6148062776355931,0.5254868800007839,0.617218535912308,0.5876422885494089,0.49674322137793625,0.25444211148364787,0.5613311453301633,0.4536779646587687,0.6166251523218034,0.6130751048326,0.5189807867055322,-0.28823146304570774,0.12361418475624956,-0.35768895791855954,-0.16169758840821813,-0.08180389907537945,0.1976332124744048,0.5779279913384481,0.8389228734809164,0.2868767095806056,0.7291217299837837,0.1837678615488109,0.5010810187311802,-0.19755014920984856,0.2066153926638182,0.19163316866353167,0.27475567717015703,0.4266328298909629,0.587949045965859,-0.038824048589620526,0.2021117725421913,-0.45243592648172376,-0.37586263020696775,-0.41765333652287967,-0.3745657847760676,-0.42299046360700093,-0.44754260337120416,-0.021763237388442817,-0.17723332705349384,0.03829583921725959,-0.29826242378267115,0.2418410560692612,0.1434447419356844,0.06950241424037425,-0.1330945890735299,-0.40529057554374975,-0.04150143855252328,-0.3487745896188252,-0.31915791951962086,-0.6001531618705233,-0.3279746241000238,0.08149045442389363,-0.572250199174922,-0.26530877565146965,-0.437653929991257,-0.5038610368417158,-0.6012780784807895,-0.1904672437727651,-0.5612501784221193,-0.6098351873329351,-0.5541407091269496,-0.316458389148814,-0.4056503115022924,-0.4194744383476588,-0.5130384135836312,-0.3667137849902925,-0.1853133424336053,-0.5404233125877635,-0.401277532452237,-0.37078938934856626,-0.24309036563157724,0.1504898949829508,-0.12031383533237706,-0.487261531329911,-0.3850215261893624,-0.11543237646691563,-0.21687661946318937,0.13741632122158232,0.04920373493553699,-0.3332669941525824,0.730752838921182,1.0,0.8141580725512544,0.8321509298494278,0.7731991674576334,0.8404526389341822,0.7284902967687327,0.7307207793921474,0.5597507261858304,0.6859137887488816,0.7914634292460648,0.4576948068793232,0.24224756282050047,0.6169512597104964,0.49589199410563,0.7813385771182914,0.7501772880768974,0.787606679463363,-0.38952177163582496,0.2145471618127564,-0.34543543655106246,-0.15318276485985888,-0.01648306954627258,0.29868198568885995,0.5296037858919893,0.568657918295192,0.28343988564894007,0.5916319426503306,0.43837608318715193,0.4455110370342916,0.16918992956454748,0.07392682254043195,0.1319358257615946,0.2843786201964141,0.5703443474557732,0.7875604956668872,0.05627492975805764,0.45619713619567526,-0.3796906052246206,-0.552948428496111,-0.3461326469738459,-0.1492580148402649,-0.2619188611547412,-0.33359499366428813,-0.11677934315126684,-0.19543272613891488,-0.06095649773171618,-0.4570741494027391,0.21192836420730823,0.047465332102575565,-0.03349501937279963,-0.30408710142295936,-0.5631672518437065,-0.21912853596949977,-0.32134390415022535,-0.1946797580999451,-0.6092916496349702,-0.40930524580195066,0.034919540587417246,-0.6151684008803673,-0.3194109029771337,-0.5560690759657594,-0.5479390363955606,-0.5841041113107164,-0.3159542760994856,-0.5332208660820547,-0.5825620562257349,-0.6131899317118243,-0.3853612981178818,-0.428537928758518,-0.4475782347580684,-0.4759704647009083,-0.4326193141685808,-0.3406353877838066,-0.3912816854418932,-0.3471077398637421,-0.37144149654285313,-0.18238941911034331,0.16277976322963067,-0.1172007842925779,-0.3130428558787996,-0.33822470927773063,-0.30503994913715565,-0.24255887944275212,0.09489630443239347,0.15264502752457562,-0.1635275417726743,0.8141580725512546,1.0,0.8283371451908013,0.7277787963294882,0.8320091370217269,0.6919525160466555,0.7644237986690556,0.6062749149220039,0.760493615810491,0.7931500642656558,0.633606107523458,0.4409641766424188,0.7174269971139143,0.6289840585552722,0.7635377908655523,0.8126244595289466,0.7930052802223823,-0.450333179799344,-0.0336531603636124,-0.42896146320204015,-0.2671812723117359,-0.26710776761834726,0.09607464199485655,0.4379499177627912,0.4390889668849642,0.3026059805032585,0.5989966346848121,0.27076835311970426,0.46883828822292034,0.06215444950319749,0.17423855103632163,0.2929745856502791,0.2513748614766888,0.590603601017442,0.8670610645816824,0.21773001998762853,0.4009307616822894,-0.42792078681516593,-0.5621011517196419,-0.36008437846218183,-0.17782112359065502,-0.31046376259675174,-0.370193150579451,0.0021221942416563737,-0.09479688685508218,0.14006005348792924,-0.37806777029118166,0.31378818331492503,0.1807849800868564,-0.13527146367660114,-0.3248824691926724,-0.5177162424174986,-0.3152585706595801,-0.33126127960981694,-0.3178399168776044,-0.5774085256323344,-0.37833122098448,0.2011214238972872,-0.601429456304242,-0.2865288224973944,-0.5758509063789863,-0.48190802422958007,-0.5573859716659224,-0.29990337496504893,-0.5299109343149824,-0.5883746559907023,-0.5549103989571148,-0.3639944176015583,-0.32792631261931326,-0.35286566714842654,-0.4005719773859843,-0.3432147238909344,-0.12045795990358835,-0.3520945748277593,-0.2796498674751634,-0.35800858012361886,-0.040315774119663465,0.3026337023294643,-0.08458573196429163,-0.21336262062737948,-0.4223830594830378,-0.19988458928654187,-0.3556404954870958,0.2996920474886131,0.32357177297099293,-0.03684055515206264,0.8283371451908013,1.0,0.7831595152493702,0.933747070841676,0.8339128121169662,0.7826661226940912,0.7063402937307293,0.7797603529739929,0.7632203048231199,0.5426439292275032,0.3803978788317936,0.6113593999835397,0.5328555366428304,0.6343371162396451,0.7209834293177271,0.7186493457593253,-0.4226178981183716,0.0033222534595134185,-0.38833428385671453,-0.22175842063732848,-0.18668796178466543,0.1897124724882923,0.39102527832861367,0.5848408741539475,0.32632886360237023,0.6828580727790625,0.3218669769827368,0.3128756218500084,-0.09164637307634908,0.052838628108458095,0.1078110289142605,0.029978129868596826,0.3870007503047104,0.7954133949377653,0.03693437036399096,0.22237553136297056,-0.5209878582464876,-0.5654335026247287,-0.4384864496222702,-0.3486085658654796,-0.46831104728361594,-0.5652032556270539,0.022900987657739583,-0.15573428424538127,0.11221610175713768,-0.3999906055305972,0.3627828308122441,0.06318510298261831,-0.05673815559972894,-0.18547704584115535,-0.4595819388031892,-0.2519735361373848,-0.3417314353528304,-0.41262443740873167,-0.5466209357650808,-0.4466321441798288,0.15621819012323435,-0.5505109012545153,-0.2505491341482004,-0.5816697304165596,-0.49877420401265504,-0.5437103825062993,-0.3282422093407615,-0.5838648621416195,-0.6753636809114565,-0.5448335925621032,-0.3645579569270314,-0.3575826415590987,-0.45949197874533937,-0.46293858226374,-0.35154164060384185,-0.22439313427492824,-0.4833821617873152,-0.383560497028378,-0.3997829653013208,-0.1350662375524787,0.2609753253902749,-0.11201023388231772,-0.33778071974818585,-0.3657111220857466,-0.19961766785650872,-0.2717727631376749,0.19275276559960816,0.19665901492063803,-0.1650028197609398,0.7831595152493702,1.0,0.8160458451083785,0.8481517647707315,0.7065420580293673,0.7076655530132889,0.7423150221882583,0.8491324467239696,0.4868815525936424,0.356254983895862,0.5422867439898431,0.522152550265627,0.5900710899877236,0.696275196984517,0.7081781443431073,-0.4198719663923952,0.038876839939850805,-0.30228570567653057,-0.2194486229987637,-0.18331995226744696,0.2423186850717003,0.3728704128135917,0.48176115165954697,0.3930866903006317,0.7342500618824324,0.23468111560675267,0.34169686057558374,-0.011150868241813603,-0.04244488476992578,0.07949602017904987,-0.0052243286131634205,0.3180774724492025,0.728002582183462,0.15974571742281407,0.190929307790744,-0.4789394789811576,-0.6517143680026398,-0.39568236206637447,-0.3195125685408284,-0.38694949190350736,-0.5145179160988563,-0.11736382545559484,-0.2619655906164377,0.05839493345739812,-0.4066702026486611,0.35705763772852167,-0.028790362275364675,-0.1328148463723688,-0.283449613432581,-0.46528182334712304,-0.3096114097389934,-0.32422354729991704,-0.4348192306935119,-0.622519292488282,-0.5113088348478033,0.18414665252070836,-0.5291915670537891,-0.18507272380846673,-0.5889165813445165,-0.4632905067962995,-0.5809554960254355,-0.31404780435243806,-0.6120843070021041,-0.6962052742942308,-0.5273556240729624,-0.44543218169971327,-0.28593093604102854,-0.49737136533818666,-0.37406468480636046,-0.388602420184198,-0.19019204291388525,-0.4512049629620137,-0.42301768271243245,-0.41188572294764103,-0.07030374381619589,0.3322245633397546,-0.0708043622059207,-0.37709880191208867,-0.222368744903389,-0.22693134384119784,-0.2735902282099349,0.13814314779068276,0.24877363430187413,-0.04835725619972248,0.8160458451083785,1.0,0.8828742929012319,0.814095886332938,0.7732138549668078,0.8544453672516694,0.849868005727423,0.557510236357976,0.4228380269294661,0.607128299115054,0.5343051225029027,0.636136386635686,0.7218364278426292,0.7401093354785929,-0.4122195667602143,0.0009639519307270728,-0.408160278996468,-0.2961250106871946,-0.2218670931699115,0.20202754425628627,0.4119822691974067,0.5909190449618589,0.34403210751205315,0.7084272879633562,0.2904188246549283,0.31201694839765487,-0.08055047624295036,0.0963106950503592,0.10872400722757304,0.011706414316595118,0.3617796197198727,0.7986746045255162,0.03477232921664718,0.22279073415804793,-0.5424341921529582,-0.6063304520736608,-0.4479071439698222,-0.3822540751142669,-0.5084425539441921,-0.5937392835597457,0.042523175044164085,-0.16710908315404208,0.12623282785014409,-0.4302040546325054,0.4163496886301421,0.09522522368680403,-0.0609688410951251,-0.1863069052775899,-0.5088592624148809,-0.24937162658003936,-0.3416573566171676,-0.4634105019922902,-0.6279465319583337,-0.49742221200325537,0.22596780113110568,-0.5929565170207801,-0.2311360144148216,-0.5781884430209483,-0.4692082184776461,-0.5877307007177758,-0.29862179195440636,-0.6115519931780475,-0.7142715633582716,-0.598080591254096,-0.4484189467761412,-0.421908376383048,-0.5058612092205144,-0.4763850023965343,-0.3999664360785088,-0.25991932286187697,-0.5060918078411484,-0.3828904420988004,-0.4066301381500164,-0.10657130835810852,0.3215383676404116,-0.0933085010638489,-0.38007114711380696,-0.4114613166519495,-0.28799785102660086,-0.31088087847282986,0.2664618329125767,0.2484045159120926,-0.1389521128361872,0.8828742929012319,1.0,0.7329936140944903,0.8275784454096208,0.833447529597095,0.8280963846467333,0.5156305194778937,0.3903942289706328,0.5383527828303959,0.5123715134995538,0.4760759616307119,0.6069310907224654,0.6159572497948416,-0.42997891893123136,-0.016600611546402234,-0.3417098560713323,-0.28237603220697527,-0.26171321089658045,0.1813201352735416,0.3056255978065276,0.5754129690663317,0.39806852978840335,0.7938906406988961,0.1944246279527526,0.26018810460603686,-0.09425943878802374,0.06657498327642566,0.10324023500485018,-0.088501534855199,0.29916069881142915,0.6958613829465525,0.07822215581713665,0.1745440782933453,-0.5412473179532732,-0.6528419674449096,-0.46574791428590634,-0.39205326445349575,-0.47635821610418233,-0.58153716170427,0.025155165515009768,-0.24237003959473047,0.07890468752358153,-0.43602332980082104,0.4532600625987471,0.10199157635331817,-0.012414124850222186,-0.17517817854003717,-0.4948128174190271,-0.28256574654148264,-0.34646043684871,-0.5681518865637041,-0.6520297683318292,-0.49320823566991245,0.22896583292947256,-0.5999161010745718,-0.22390782240083065,-0.5820950124557629,-0.4616170815258442,-0.595866041455988,-0.3194380708226338,-0.632876581302272,-0.7296010849469523,-0.5656944541386041,-0.46294595428732593,-0.3559808477381568,-0.5288786459701356,-0.4494130070234514,-0.39421978450337514,-0.2659831843747628,-0.4835874973801876,-0.35969280930364395,-0.45157478874549223,-0.09860129333198007,0.37977534719191913,-0.13321645120828504,-0.3945052348537153,-0.3269596517094094,-0.22433524143258876,-0.24143535631165228,0.2711367395666903,0.246703762137596,-0.09870913328553504,0.7329936140944903,1.0,0.6347159639404548,0.7484614898061933,0.706116951590385,0.33786209917496685,0.17112161407850385,0.4306919381295448,0.39815389988664607,0.5968238511333681,0.5983909013073251,0.686387269905488,-0.26456413123205974,0.1311311402955102,-0.17132511646099374,-0.11051360378176305,-0.006791004959425517,0.43994249372155464,0.5425859992874505,0.5542280754761411,0.5467643860160007,0.6610936950146301,0.499837976709427,0.41600147594133857,0.003531456966660116,-0.03578474619863007,-0.0561373451273872,0.1238345799661803,0.443774225766828,0.7055756382312377,0.1919895181018512,0.3924604274066841,-0.4078315868977809,-0.552446949250567,-0.23173583219505156,-0.39362283902333256,-0.39225233783266467,-0.5236905593061508,-0.19588322285492848,-0.29209292970287964,-0.054137047572391066,-0.506117610361368,0.25117609356199166,-0.06780814812221438,-0.16884673441696807,-0.16989764097774795,-0.4515278504273139,-0.20672109325848592,-0.032084920351417835,-0.239817917675141,-0.5571908972925057,-0.4230190233119571,-0.0013683742205204436,-0.6085830097315171,-0.3741476775247656,-0.6098305038159246,-0.4936457835490392,-0.5572017079000959,-0.47604536881088527,-0.5091580088091341,-0.6978994164509967,-0.5685197975244392,-0.33937417684755994,-0.37952111938043354,-0.46223627442079274,-0.46631820054348744,-0.4213623182252119,-0.29851483871140416,-0.4770412350219913,-0.36967772769045343,-0.44359895795873067,-0.20263946970119584,0.15891975094074928,-0.19287750501569095,-0.3674654343337369,-0.2481795343871,-0.1378000103939291,-0.2493671840104,0.09830315057125895,0.12805670143511896,-0.1433193633954258,0.6347159639404548,1.0,0.8558670845731106,0.7567565539767172,0.45428974835434177,0.38635911891155295,0.4042641541812259,0.41490044943844495,0.3128244925765122,0.4749165557940798,0.4823440761558226,-0.39538762956410106,-0.13882436878808999,-0.28607336968443053,-0.21673549714144263,-0.2992731533507804,0.1750584545437695,0.16017008845385247,0.40355947799723113,0.5001976047545664,0.6922315650642096,0.12554367123580168,0.0795655015341716,-0.2353091741367564,0.09217376679058432,0.04943730631463061,-0.2183009104232096,0.1946471759006073,0.6332493533963147,0.23143168428315145,0.08100926057452448,-0.46608051781484183,-0.6557969128110945,-0.44291207466885457,-0.3995631455066936,-0.5188612645351114,-0.5762015774116872,-0.026057327831145307,-0.22983307200103603,0.16147118346470593,-0.40073040115482605,0.4585454852627138,0.09945445351655005,0.10585339555004228,-0.057436845933429674,-0.47474340075800336,-0.37230505724455215,-0.28045987513243104,-0.5740052315915024,-0.6013443629179441,-0.4103043194412036,0.20818156491073783,-0.6039932173056306,-0.24381296340420597,-0.585885359935102,-0.4943120556037809,-0.6176346692588683,-0.430197688464846,-0.6776767617727182,-0.7366884651634004,-0.5255729620718637,-0.37500367953397806,-0.18309066590566933,-0.4075100703369855,-0.41486479203411136,-0.37563944020731593,-0.12787466996478816,-0.48302810552488734,-0.33754773315648345,-0.46434860617500673,-0.1090735919291242,0.4014717056441998,-0.15438985561309915,-0.36340163315255486,-0.2601432200048774,-0.1278227127666468,-0.17595889460860892,0.28404886275484525,0.20914607318942696,-0.07846941560510141,0.8558670845731106,1.0,0.8690205650121955,0.5999517156839309,0.5056152312172799,0.5853237712757697,0.5847355400108948,0.5331870707138499,0.6673682598757448,0.6898986571626461,-0.4477485096196901,-0.12679291216297095,-0.4270143839298942,-0.34515240984963885,-0.3466584837449988,0.12091445384009147,0.3076505533486051,0.48627427951264895,0.36899653748105377,0.6936547659537323,0.14761731280908563,0.22883710425594847,-0.1277125240690673,0.21115199229970072,0.17015300047873666,-0.08494232783925158,0.3152569475876489,0.7662503337658979,0.06532607181818885,0.14866015972126473,-0.5931611091808904,-0.6802050010787534,-0.5336106530277823,-0.3941897373019032,-0.5292590182779826,-0.5974595174048448,0.03705319594612286,-0.1597562133828332,0.22525286506331615,-0.3782617225145846,0.5326619368514468,0.24607575156260844,0.05528403339869088,-0.19711457225973128,-0.588975010668704,-0.34733354129545424,-0.3495075860039432,-0.5382369720987419,-0.6250521023349889,-0.42423222185248377,0.31517734523298574,-0.6599820800864696,-0.2946417849743299,-0.6481235873639265,-0.48930743071547134,-0.6263372173726938,-0.357268194001312,-0.7057969412817183,-0.7560411974197182,-0.6218074456465913,-0.46457142376085886,-0.35688511865436195,-0.4814107849943343,-0.45976032008934326,-0.39970557759108544,-0.19255984137227053,-0.46831159320808574,-0.3285905991578778,-0.42070264641884714,-0.029472986727520543,0.47246152151906406,-0.0923194856816376,-0.3261822037388313,-0.4146863642756695,-0.25591125112325247,-0.28461860108845566,0.40916848714362847,0.3494255836461719,-0.007031693526521139,0.8690205650121955,1.0,0.625310491697657,0.5134626177077233,0.6719031270767257,0.6402694802781841,0.6462725005073052,0.7405798219583793,0.7721617978524776,-0.52087284334498,-0.09268497029621917,-0.4721249645898216,-0.39284026245922,-0.34941429396912427,0.11168248470736862,0.35129816359611066,0.41624286137288774,0.2639674667194966,0.6822758458289138,0.14195199849436163,0.3333275352043208,0.022446080273746016,0.11292971543659892,0.19817457906889716,0.015124787466494849,0.3915674423475389,0.7734860344359371,0.077203085520995,0.24539123626706488,-0.5556202361041629,-0.7180852273744277,-0.5170577572804781,-0.24832770886935243,-0.4162370196566973,-0.49505673964357594,0.06123405452656969,-0.11936171646897528,0.1849054127451523,-0.38802580365314887,0.45856807409228967,0.14024243704626554,-0.07645490526413906,-0.3541221235770809,-0.6116690807338377,-0.3766364323616633,-0.4421614645676588,-0.5070324219370894,-0.6481347365938227,-0.46858339236631186,0.3559091766670084,-0.5847511798562274,-0.19305266866289583,-0.6252935010931044,-0.456598114514941,-0.5917413770343228,-0.2732470514694545,-0.676414989973799,-0.6665977349389669,-0.625337771572227,-0.5310252833573068,-0.384064627046154,-0.48727596957511293,-0.3689217145228096,-0.4019601500414184,-0.17056173877326283,-0.3702058086697645,-0.3084831386209599,-0.33519796829834864,0.06594962531086823,0.4964799101753229,0.029716276828316287,-0.2717158358357139,-0.4006675563299589,-0.36667389849651505,-0.3647086602698588,0.32429250335409127,0.3985710955455136,0.01218824450541924,0.625310491697657,1.0,0.811624920554881,0.827335998859269,0.8442535222729884,0.5778687729102644,0.748991618144385,0.4926986174888553,-0.3982574491494508,-0.3396757602284537,-0.5818650302823674,-0.5423461594007325,-0.5761174780240513,-0.3276865116780138,0.20964186380801747,0.3026423279789395,-0.028669442618910135,0.48331786803080273,-0.2294026274369518,0.35493212983658284,-0.2031182283303884,0.3661322844824532,0.6914253210707049,0.11708953417823946,0.34181329962004187,0.5509449250452495,0.052911120550742624,0.018797174543483425,-0.5162353899311876,-0.3732009072863969,-0.5238540815053788,-0.12307291128377004,-0.3117183281145916,-0.2617049450687788,0.3435255244010121,0.1353647014048526,0.3517884953175931,-0.04113485929157173,0.4077888073138308,0.42311146136650735,0.0909408081724964,-0.26149531308513585,-0.35295104188845666,-0.18070555371088487,-0.4413472746526935,-0.4828022103469429,-0.3923078841386735,-0.11568975944909354,0.5138608853669355,-0.3458123085660519,-0.13371466860397735,-0.36323422373382175,-0.2453181895165966,-0.4253712564474372,-0.07239767621817261,-0.5013334953066612,-0.354403369676233,-0.3573964793969114,-0.31936787135324923,-0.22010446875652623,-0.20374944866741757,-0.27128230274351955,-0.14264282827058947,0.08280786532415177,-0.2307487826614227,-0.14992660424731752,-0.11825262865620748,0.19227400831101865,0.4577694712612,0.019492668868131315,-0.13993549695712537,-0.552678957462491,-0.159130328444323,-0.38457444698685966,0.47150558616173105,0.46113533385867606,0.06469424302383718,0.811624920554881,1.0,0.616257775133965,0.7540595178190722,0.32224117470606933,0.5729659755872976,0.4091304771214127,-0.28067705988562847,-0.3045742517707468,-0.5344534009287257,-0.5641045773527831,-0.56604941295046,-0.44380417568410785,0.056306849260794725,0.1214750225547276,-0.14163685016686417,0.336462694162402,-0.3910790165692197,0.1778490793055785,-0.11756613513350093,0.3157900778605466,0.5913090935570801,-0.14247108901156683,0.06476953223069516,0.3578274013755036,-0.049119042860422166,-0.21933426159006203,-0.4784418084811324,-0.2809451843233095,-0.5571829516258985,-0.1396166591741145,-0.2848134160236348,-0.35772509903674266,0.4584631637982068,0.2764252772450185,0.5310250528652293,0.15234549898542807,0.5116929170583664,0.3818557302244732,0.06952491763186924,-0.0908729296971439,-0.1722843396045437,-0.2071732458260476,-0.47930567736305096,-0.4596704614328972,-0.09372372027753155,-0.1241321197797129,0.6649147466719575,-0.07500658074890092,0.05219982097943847,-0.26438987027435085,-0.050607857423494794,-0.12651424243027407,0.08409729659932393,-0.3697879684832881,-0.2958078500442782,-0.21926922713089472,-0.21966352963625443,-0.07673134056396093,-0.12179922230011586,-0.0641756997386776,-0.015997067382726212,0.20528374034607033,-0.13912638013481796,-0.05581170225684715,-0.004707626415615864,0.42108741563706975,0.5788794193628846,0.1344564173022192,0.05257503535117091,-0.41854606147527607,-0.17705557429259702,-0.35098266989120885,0.6219373946404372,0.6400537484808019,0.36106884542001033,0.6162577751339651,1.0,0.8108520919379386,0.7738777407991623,0.8409117832897827,0.6175893926536591,-0.458909539530108,-0.1195064541731652,-0.5195783663810534,-0.45308876616398974,-0.40774398483387125,-0.19677704292799825,0.3652123101224036,0.35024799014409086,-0.0452527848793151,0.4829584790568998,-0.0514865502563293,0.4912235613966619,-0.04546308125130376,0.3230700799396092,0.5833649839131312,0.30810142868942836,0.5209621309302989,0.6794328783301894,0.07734032063727618,0.2149243674292327,-0.4411276039995016,-0.4209780037083769,-0.42715999569570434,0.02207141059759732,-0.15398920511592362,-0.2041157168410306,0.213646093883316,0.13546820500440734,0.18131267406056,-0.12438965781800312,0.2685409826929492,0.23615137332536904,-0.07344053301641836,-0.38194936360936554,-0.44627735374468985,-0.22577178744684967,-0.4994357846952479,-0.3676350550096244,-0.404809576107747,-0.17972038058320125,0.3845767768624386,-0.42042186641563134,-0.11104788396580496,-0.39362344133283766,-0.26173452027316746,-0.3955016227982844,-0.05134249146157047,-0.4557165307718576,-0.3431249768651076,-0.38132528007878097,-0.30338494335131694,-0.25696302175591595,-0.1933075406616261,-0.20004610729297087,-0.17339164290557843,0.04330570467708007,-0.15547475094619836,-0.06394532732772949,-0.055796787759660606,0.20614189101671593,0.397417064393262,0.08000092313915251,-0.13103823421602015,-0.45177224429172913,-0.2035325917859808,-0.3309960125770647,0.3409528734946633,0.4172789951743127,0.01930034556013912,0.8108520919379386,1.0,0.601992274538929,0.7310767461124856,0.5471109830700556,-0.4283623440311354,-0.19038416709922343,-0.480275750540996,-0.404395468422508,-0.45186733273981566,-0.2659910606225774,0.28958290036457024,0.2635528249124954,0.014384204995141847,0.480578289691968,-0.15122373796792798,0.4486815580403296,-0.05214234134314274,0.29291395075357635,0.5927248526895831,0.10837999926676484,0.4836072934940367,0.6150577146638143,0.118560703318813,0.15666747059318328,-0.4423653448253124,-0.43121087639144806,-0.4837713523877987,-0.04273154733433173,-0.18198445525375803,-0.22149173283587756,0.2314985223847383,0.12121053482117908,0.3152097185253756,-0.01750410188357353,0.3620087243553822,0.3060094640038208,0.04680041915280439,-0.2828457231822163,-0.36375595589918885,-0.2633923735432829,-0.45402594594555057,-0.37048076244215217,-0.2749480375537552,-0.021100871701985713,0.4639616041382008,-0.33029140803341944,-0.12087975860209242,-0.4364553193227459,-0.25557850372670127,-0.3064259062616266,-0.1605424569334611,-0.4428142174850199,-0.3759320984472404,-0.3464954863910303,-0.20600362944939032,-0.1521053122001899,-0.12469535145733972,-0.14573129079008787,-0.11487391164756472,0.1376065403361114,-0.11473650433345,-0.08777466804642027,-0.09118717929045393,0.3037244322681519,0.46385478051970847,0.06247592283439528,-0.07186782964496638,-0.39133692104291673,-0.07764781202956003,-0.2778665984190367,0.4472667696106989,0.4989131538383688,0.21725702818949813,0.601992274538929,1.0,0.86561449110563,0.7618945984925557,-0.3722938333770848,0.19706849228847312,-0.4518777378867549,-0.25236682377016134,-0.12087992571593811,0.09442071682902484,0.6516569883761404,0.4322603101460548,0.07678049089836707,0.4415067884135352,0.2625797810582086,0.6381314927575399,0.10168452417265723,0.1328830607173187,0.3037707381117849,0.49931746504133656,0.5685847389542292,0.6984729389659793,0.007768310122547776,0.40161308715393,-0.34176258392302367,-0.39978047951869206,-0.20492278857085172,-0.07262933930956211,-0.21347284244665787,-0.24511907734606517,-0.08013001339083593,-0.017388916524958022,0.1195497334952978,-0.27412552878577834,0.14294865207236837,0.1030747193296341,-0.12984893999655484,-0.3559384672625324,-0.5028835704641224,-0.2090368828094976,-0.3122893683651676,-0.1072779315590092,-0.5049748057022434,-0.32156165043752905,0.19916983799289872,-0.46275280241363453,-0.1397737768270735,-0.4531968005985264,-0.3224494379318761,-0.43652029435669537,-0.11436588964379583,-0.4076375219224466,-0.42901709369131685,-0.4310724927384669,-0.3565898981043608,-0.36380565934355447,-0.32472087844425285,-0.2796466856456879,-0.19159455583388363,-0.06454621100101879,-0.2370426552911208,-0.18297123773408724,-0.06232345445281789,-0.005242796256123896,0.1659795660326072,0.1572790210669703,-0.2528203637055931,-0.3052509065903213,-0.25919646248824973,-0.2762464422585855,0.14018256406723223,0.24162729206262343,-0.11628070545905356,0.86561449110563,1.0,0.8217954306844673,-0.5007291168068644,0.03340926006709759,-0.5329237951789156,-0.40563924999444606,-0.29465086933505835,-0.03739587223387826,0.5081121594010523,0.3992155318476437,0.10616263862648415,0.49670374491768415,0.14643520414364977,0.49731860034952247,0.03886373677791086,0.18314222211234488,0.3983812288204575,0.2687254547992361,0.4551633950098875,0.7494844889043203,0.027778555275084896,0.20586828912094443,-0.510062312246124,-0.5147284587180808,-0.4120423918515513,-0.15007565278428736,-0.29787238804670974,-0.3751325730432464,0.07350581499571769,-0.029071623316311128,0.2436990769530378,-0.22512312788074468,0.294361957336548,0.20376030101791345,-0.0872355632248494,-0.39287900280302657,-0.4818485152969836,-0.3100912439389917,-0.3998794138238781,-0.31389979263744167,-0.47662019742783984,-0.383111505466576,0.3851146268002133,-0.45015210691363816,-0.11369311926018752,-0.5323711434518652,-0.31646431123447405,-0.41902350230588786,-0.09271780025581265,-0.5242196740848147,-0.4995098573253062,-0.44402122871960914,-0.4121818270673615,-0.28022338542662006,-0.407504237400792,-0.25688549741493466,-0.20053904066344344,-0.04872812277025342,-0.2906722508364034,-0.2281697680291268,-0.1339610128992432,0.11202286059273772,0.3791052530228272,0.09984251686954829,-0.197251039999678,-0.3259649604722212,-0.24207357392073625,-0.33683592632812226,0.33641807603547635,0.41459070086792854,0.042068919492974255,0.8217954306844674,1.0,-0.4253501282054424,0.09635422411343504,-0.42337449497135127,-0.3000772831272255,-0.137252794624327,0.16718461247162783,0.4722445160468731,0.3906526047365024,0.1468821900016717,0.4136936358926676,0.2981283613248411,0.3879890391819256,0.22228187748451503,0.05299786071379224,0.10766332049739472,0.17277242560076492,0.3772369054661951,0.7274459593036614,-0.07760299450175057,0.2559468027997807,-0.4590679856980863,-0.5697889932551915,-0.3814977259652261,-0.17598687985032452,-0.33080188797966387,-0.43464374100256187,0.02131449501653186,-0.055880092897561455,0.2232446430980314,-0.3457969708389449,0.3593403274910057,0.1892446773591636,-0.13391617568207206,-0.3601054307393792,-0.5100076589448996,-0.271738237646558,-0.3316915616182488,-0.2269885976837278,-0.49589377890601294,-0.48894550366919654,0.28518585139121005,-0.4560541585026968,-0.18333192674925164,-0.5447320330928621,-0.3437656076834336,-0.413908541260291,-0.1635461041216168,-0.5041993710054004,-0.5563192902638834,-0.5183394883293886,-0.4582871240173906,-0.3651656427627822,-0.49370901564408726,-0.28953455517047233,-0.2847608875782614,-0.2016694566353078,-0.29424077495043394,-0.2702241421901311,-0.20012328574224053,0.06817710480250354,0.38368377756679,0.08414042257348281,-0.11943412563071304,-0.325274302447554,-0.38297525555817286,-0.4390814453339726,0.27181104911554305,0.43536436112464727,0.13506919204516044,-0.4253501282054424,1.0,0.16442539307857995,0.6301063509723259,0.38888222273963774,0.5567899466560556,0.3353363236020618,-0.03460757917761509,0.07524834530539516,-0.0027917011114206984,-0.23770461013318267,0.002238064235918445,-0.06953733872343112,-0.021169225639270418,-0.08640618934222574,-0.12519912962553392,0.12389868664161333,-0.2276062970751017,-0.5297626179879069,-0.01060696602659572,-0.10474243784879737,0.34008141360508626,0.6784005433445128,0.3070400795560823,-0.04773094758740235,0.21320817911212725,0.21630974625738947,-0.15170062502835166,0.042938204526431496,-0.32063781394365337,0.22008422535861244,-0.324666071997092,-0.13547940817275403,-0.08786867686873513,0.6472003104829275,0.5575419223844006,0.7036994932046456,0.48320569500751326,0.587141269572101,0.360772481605626,0.2954185495472077,-0.47276893080492394,0.3171454142214958,-0.14146820578829525,0.4338941985702046,0.09434699761170377,0.12080932540764767,-0.007478382927644701,0.3404492977313825,0.18059023886316983,0.33820207877877967,0.4755952268262115,0.08016237392463897,0.2895607575622876,-0.1808863635559912,0.02203397679936376,-0.07697388481496353,-0.0223741476178548,-0.05907390953363941,-0.02756082273618947,-0.36212132596911834,-0.5936987837358643,-0.26630738790166664,-0.10445630215003272,0.11098043474793572,0.2272655873592148,0.17595916217016525,-0.3367217235209882,-0.4473430816833452,-0.2230141611290239,0.16442539307857995,1.0,0.1912178196681872,0.23723259395799992,0.4986549285669053,0.35973049193817874,0.5257742669647224,0.2033963094144796,0.1209189039614351,0.018133926679557474,0.3416358177977767,0.4324467049283831,0.4541314450946463,-0.2703298618963103,-0.17948289814930377,0.39751440951784817,0.18727532589033943,-0.005567029155872716,-0.0234273053171126,0.3269727953623056,0.3552856082741109,0.0824307307714779,0.32380724901192665,0.17158498213007875,0.2575481672836189,0.09647244900374723,-0.4557019925606559,-0.09764541351077508,-0.27215529936436844,-0.20873216364180863,-0.30462386576961714,-0.2898838430061986,-0.13193062516689943,0.053049324141919985,-0.09711225202154851,0.024711704757095106,-0.015846158695951684,0.44779242601880526,-0.0041747470468170315,-0.18715784745351768,-0.25200761154622264,-0.05874810067486176,0.04862006098233179,0.0003977950662151564,-0.11324979821043495,0.08796524648962244,0.006738117066960073,0.22780802011735177,-0.006481384380988026,-0.12500532515931947,0.10784166434476704,-0.08341196071138565,-0.04824481608068732,0.0664569080642713,-0.20174211276115703,-0.18058084079822231,0.092068490603612,0.09479157732405565,0.08187840211849792,-0.10309270069622582,-0.2757848347374799,0.09137957394666352,0.04267104354168393,0.35664182154696444,-0.07941440981007902,0.08332285009581536,-0.16149271600840387,-0.05686661528689636,0.1405175335424025,0.1912178196681872,1.0,0.7263332138846708,0.68622142862737,0.5750857850073569,-0.10056766820207916,-0.05991027033505625,0.39357619212407735,-0.20494743420986053,0.2457217085856496,-0.15288623885020863,0.055321945427493614,-0.31291166975089685,-0.396770815947578,-0.02345801233886148,-0.09242045089148522,-0.4206873950306433,0.31127021019911777,0.01321055893536985,0.3612662889419216,0.3670893713340132,0.36377159836211725,-0.005452018224193959,0.26255074202982337,0.24208197496268608,-0.38167851515188667,-0.21394979586000776,-0.5194569806874562,0.07711996893002289,-0.4589485607552179,-0.35943111428434243,-0.19010922657433235,0.3931155891274876,0.5251244513548396,0.40149393258096894,0.5863009497303268,0.4977537690028917,0.2737660782602533,0.21465556617602777,-0.6426035077522565,0.1460162560756685,-0.12174407147250704,0.2526995375537244,0.01023759365932098,0.13023495326993623,-0.2445757418100328,0.21683317209801933,0.07959966938276136,0.3802690891760143,0.6444244360812494,0.3321452508043555,0.3549409130262593,-0.05817750458251902,0.06440471168016944,0.01949218457427223,-0.02158324880312162,-0.14214222329361695,-0.22584444195890796,-0.3692364774948165,-0.5505069887645566,-0.4108725550990352,-0.1700456180455872,0.5169982357685181,0.4985725644945058,0.46545107066747926,-0.5407161439559859,-0.5528371295583515,-0.25233531609953885,0.7263332138846708,1.0,0.6232859700806623,0.5035706111206174,-0.002027066944717281,0.02872952102466146,0.4423645309378376,-0.1278608877272731,0.22623722317552447,-0.055895946095246125,0.04254541849727961,-0.312024946115734,-0.36741253175318256,0.07882359532609792,0.09257581290969329,-0.2470557886741613,0.3392585687458437,0.11735227802767947,0.34113072057377625,0.2877908958615328,0.3115591834781872,-0.013684452441760732,0.18461369552805323,0.1780732497279228,-0.35942225374021164,-0.24262320756964187,-0.4253840760596359,0.031138700114612807,-0.37328803362737634,-0.3062829753037544,-0.02177341618467384,0.21706208976415936,0.43411199770587405,0.20738846151264723,0.47222605915347976,0.45662732077500107,0.214825951687783,0.1387161578632125,-0.6585639387436087,0.012606639211715155,-0.13119318637079233,0.1196272797810374,-0.13020966115385052,0.05498488738198806,-0.31311813692796053,0.12346737917036649,0.011337416025562807,0.2930883540349013,0.6299313342101515,0.3910000602582977,0.29039840633325903,-0.0701975040151245,0.12219304054917632,0.09222256295169513,-0.0945922385991072,-0.19061009017293223,-0.28941119433757023,-0.45570106927762416,-0.5224721467190834,-0.3507422220692766,-0.18820993785362833,0.4956132442889876,0.5668705581880518,0.43563282460914,-0.5597866001650291,-0.6006179491692353,-0.3143637212122411,0.6232859700806623,1.0,0.6609542775960752,0.268980496942961,0.1832194747750504,0.2484771600057286,-0.13260047503494296,0.47591152667288333,0.057677885337130856,0.23561097321766689,-0.3853706563267726,-0.3927444505016949,0.21551209951388847,0.0598806106225446,-0.27076981761560803,0.1093030390630442,0.18237057013344285,0.30969593114907534,0.3458250471535176,0.3307352319387394,-0.023502465838197647,0.27969504694046315,0.15108489847921175,-0.3972799439615057,-0.2342971589452912,-0.5073945568206948,0.0028288721086583246,-0.48855546960163454,-0.3821188523570956,-0.10760551488075693,0.3008872899570887,0.3246849845339001,0.4167794292381434,0.5037003019101133,0.678553984588534,0.2611582402869611,0.07922659071238711,-0.6040153671919489,0.054363993151297536,-0.16023305292988588,0.14344432788886619,-0.11998280457399196,0.13131623983041688,-0.2126018775767481,0.16183181909160532,0.01971076100008925,0.2093842350137784,0.4725532112850218,0.11988462405487069,0.14981443490900745,-0.11207197157739467,0.0027216773810228956,-0.17541506223795517,-0.11080924661019478,-0.24354290217539207,-0.16591122802885902,-0.3953289234187192,-0.5431387136462675,-0.22664084019908007,-0.17262129295008388,0.4283858795979176,0.2687123487656387,0.3944293768819179,-0.5484484770206342,-0.5449059939371744,-0.30412888573226776,0.6609542775960752,1.0,0.375879737346933,0.4341801990306788,0.597677630145641,0.2490575786578744,0.6443672199678543,0.1460985401385834,0.12519710195552355,-0.2732595685398104,-0.4093303433892498,0.16037919214506635,0.17947847500156283,0.07121860575094692,0.11741044503186351,0.30421926281731937,-0.006145818319953147,-0.11207197343627918,0.11872319408288724,-0.299978199326457,-0.12542857437017493,-0.14828502122061,-0.5154316860446854,-0.381446440643782,-0.4468897215864344,-0.4210019695112008,-0.07680262262554774,-0.2652096175769929,-0.10516894746264076,0.22646091525058976,-0.04633472290146396,0.23262704126491096,0.3962853434941997,0.3051348816281327,-0.2986448271824383,-0.21083972655210803,-0.4842809936914758,-0.3421959307507455,-0.33571660008075294,-0.24536596111766845,-0.44049456551868094,-0.37930059043176567,-0.4224492404975589,-0.2457679254879095,-0.41936867063442873,-0.22040115114489667,0.05480390387162172,-0.1356149944268859,-0.22789059811801443,-0.46465261243972633,-0.36528433029751184,-0.2993305921504071,-0.4021752418494536,-0.3957128870888661,-0.4348632861132016,-0.5486321124369049,-0.31097178763372857,-0.29977940014517734,-0.39441511289876047,0.21939387197895255,0.07405251344976446,0.19869839343735113,-0.41709760238426574,-0.38744541023286067,-0.4143935667780024,0.375879737346933,1.0,0.5855374487915643,0.23028409723041035,0.43982552558047167,0.2788244635282238,0.800821394967523,0.15720562265481575,-0.0937530340622984,0.12046215429367142,0.6197921654458243,0.44428718160802094,0.3301528802393643,0.00986670180826248,0.361713330195691,-0.047389767290252405,-0.11115271009835596,0.0014155325003544327,-0.11819130819438368,-0.11183534697204447,-0.2080932126682138,-0.35598541604156414,-0.06537722534391924,0.016045132853461607,-0.3026995133129228,-0.12425791410218184,-0.195366818259208,-0.1958524242879366,-0.12322727993940916,-0.2907119484007978,0.037387099683473805,-0.10143593025419705,0.2447627418311392,-0.35318937101412834,-0.267006749532282,-0.0007644705760504934,-0.3407657275953005,-0.07608411244356082,-0.29094622219379246,-0.314789308157494,-0.32092596478436347,-0.1043963028978377,-0.22056137108941973,-0.3609271551963172,-0.34807268953939285,-0.128811452201423,-0.3644049976780943,-0.21034786143648485,-0.23634320727133973,-0.3015698696348379,-0.004766398207209612,-0.17386190957561462,-0.1971232318878214,-0.02121057218691692,-0.12733764413377033,-0.05550780734356919,0.15466048917603392,-0.2525479848880971,-0.04636425685144085,-0.12060720016757497,-0.1718635042066396,-0.08644744804710557,0.02734664590793225,-0.1532156729931482,0.5855374487915643,1.0,0.33879590613002164,0.6578144893403529,0.2041467577693436,0.4581639107903778,-0.16311281573688696,0.17680133219789923,0.11519195053337794,0.3038340542056325,0.3201027349792346,0.370357250994934,-0.03663005231454521,0.14931794957175332,-0.34649170388478023,-0.13125751429222363,-0.3025728898710265,-0.4386702508725818,-0.3550063580024042,-0.3879252000862324,-0.11848499016826688,-0.20493818713042977,-0.08138437306451916,-0.23807033086070256,0.17089661080744567,0.12359705320165834,0.042119096766088986,0.0899027365253839,-0.20362562361576927,0.321085396244858,-0.08607744482027081,-0.06060034872450736,-0.5099074567617149,-0.2204781060714432,-0.07174358383026759,-0.5087725394820919,-0.3589710568717316,-0.25471353089459586,-0.4633394966889752,-0.6065502190630044,-0.2160127938032718,-0.4724362970788524,-0.5775125256257219,-0.453039890240322,-0.17367302072170676,-0.39767116235317135,-0.35758672244488554,-0.6105774866577806,-0.40638382557605274,-0.24382088640974503,-0.5813443175150077,-0.49016150761898575,-0.3857438903625834,-0.3939093198234207,0.00504336927755065,-0.23149302891702228,-0.5440498875612025,-0.36006017157251086,-0.06555793570449511,-0.2023150338281129,0.01952875242566544,-0.06989910073039919,-0.38583460992435614,0.3387959061300217,1.0,0.550873291800185,0.3655535557418079,0.17193245375854924,-0.2254938954561236,-0.16578479218687847,-0.25303712601699146,-0.06575797843405225,0.2822223571233098,0.24656689313773944,0.5605179916603129,0.21337629770179437,-0.2029466381875264,-0.39307957476457617,-0.12234118051836892,-0.4427082697213869,-0.26784976343488714,-0.3694515964667948,-0.36341788461928,-0.5879691228901367,-0.37933114859519224,-0.3848423260568993,0.0605879297607512,-0.1701393907493785,0.027502165800214,0.11054256593199636,-0.018020459239783074,-0.17836759226189358,0.3442509381661144,-0.1365850344497518,-0.34210261360780686,-0.25038123846430604,-0.35573569726498,-0.5029884050449921,-0.3936321791035042,-0.5113610815601811,-0.5194191338125077,-0.4573743933573077,-0.6450420784736403,-0.4429893334528808,-0.6024170354426572,-0.2626799357142182,0.10252711309841347,0.17876770923882296,-0.24528550494284507,-0.39342054811229615,-0.26907848348256247,-0.17205532904804025,-0.6020501153514152,-0.48612582714626734,-0.7224478513324595,-0.4375041948889172,-0.08230105041799075,-0.5167904723841547,-0.5268594823644224,0.22891253761106023,0.3685316177986794,0.15603621414047267,-0.2020097931570944,-0.29899554468948825,-0.30650729455762565,0.550873291800185,1.0,0.05933147084202079,0.49037529279544767,-0.2596505924297871,0.046021833498230975,0.17536831796906618,0.06582313225821744,0.40154799118772966,0.5020258981660572,0.24632857814091197,0.20150866872166476,-0.4848191725458426,-0.5366202438404162,-0.4658371256310029,-0.4844253091868591,-0.43440170236731224,-0.5718006778787652,-0.08229005065340905,-0.33126308234586327,-0.029351185176566548,-0.3514372895604125,0.3251099258300608,-0.02091716806886351,-0.025634243374421967,-0.08186841680321315,-0.3390875385579331,-0.20407827691094196,-0.23744198733473265,-0.4520847592066276,-0.5410404453763006,-0.39774107918663104,0.10640155918694343,-0.5693517061319057,-0.2744840319056776,-0.606213985134996,-0.5839802211770876,-0.6072173972736403,-0.41771053844841594,-0.6531655168562616,-0.7397985148142325,-0.5133515206008239,-0.27857728596927406,-0.2014515186812588,-0.4156719326676016,-0.4709585603821587,-0.3768466543633944,-0.11600641311578612,-0.6045031293932318,-0.4463356737669888,-0.5272397826098076,-0.16447186312504375,0.28394301186114085,-0.16062489797633975,-0.5264872199742352,-0.21529100311543864,0.012487805327266364,-0.18446086270021056,0.1122623210943999,0.06195790110732961,-0.2615658005964471,0.0593314708420208,1.0,0.0033263730865392437,0.3247498965454832,-0.26765230080616964,-0.3509819043738904,0.1493983637953013,0.3196340244394056,0.3204239133439284,0.07945201628187105,0.5174574074017909,0.0722258460144111,-0.21184022213941553,0.29429048788185275,-0.05119471092988409,-0.048221796608009175,-0.003355500007152652,-0.45206402906214566,-0.3449183292527861,-0.38023487885143514,-0.4094594123263738,-0.1536618003795033,-0.1832231886645249,-0.045645761212796926,0.024475539203166995,-0.26592807852187805,0.01742855279849755,0.3786757621843582,0.2541107150853949,-0.2911592312100212,-0.1174149893207776,-0.40921273046555245,-0.34533694790417785,-0.3226273678442502,-0.20966809106508708,-0.25048416448924093,-0.20358251957987936,-0.38879880890766794,-0.0656292597272207,-0.18471467256957208,-0.20037471244035607,-0.09218193196746093,-0.2412036098743852,-0.15550366432884555,-0.2839717549176455,-0.23268338425900637,-0.37986358990845337,-0.1882687148227324,-0.15474702335898918,-0.23530304036018135,-0.3631787603191069,-0.3162503257530692,-0.23320323433516607,-0.20582847674678745,0.08458325933411105,-0.1134994467788135,0.1596217834353092,-0.30540673086416886,-0.19096328676009935,-0.1998158868259149,0.0033263730865392437,1.0,0.13418823243072803,-0.01039530702449242,0.3591045264550415,0.7019326641367838,0.5917272884252448,0.3245883929552308,0.15627511952281142,0.4240082370157104,-0.007109044992638832,-0.12359067440650136,-0.0670349750868421,0.008799618255528574,0.0781063663989786,-0.0717136833222879,-0.2825633880128268,-0.050551872699185686,0.02165328346894314,-0.27595394542873225,-0.11269404639978794,-0.08167846913919469,-0.2835367511027724,-0.24067972531179505,-0.22717696501620951,-0.01641023451889388,-0.2532240648636152,0.14029787093475532,-0.2995242296568375,-0.19262570959862527,0.02600645569461488,-0.26939425761906377,-0.05868790850307678,-0.2701183819669747,-0.33718358014613814,-0.29296314495475945,-0.10516151561269942,-0.15465403065050265,-0.28195952064938595,-0.317546959076792,-0.07229976238244058,-0.2735893152327718,-0.11751850356320794,-0.1146052163841512,-0.23985036303685417,0.0921247326703318,-0.07059989800029061,-0.045223389873410784,-0.05516202925030557,0.031323515236568567,-0.000726505399814283,0.119560017048527,-0.1401159770559811,-0.05180091071659838,0.022948852837852717,-0.2616990975746567,0.01577181774705906,0.12124671937072926,-0.043038235894298255,0.13418823243072803,1.0,-0.06474635402410661,0.011312935950875604,0.3222319827480107,0.26208669660977163,0.0808249574846309,-0.12481097170486148,0.5159312767828751,0.38159361843218514,0.01193430593302551,0.3134416325859292,0.4162289931496821,0.4070967822954116,0.401673067016148,-0.249156566464362,0.16035681054987797,-0.050135268219839935,-0.17558601497057136,-0.14791716411394457,-0.041306438507433256,-0.16198520551548667,-0.26496819722143183,-0.2240626146575308,-0.014457305462236312,-0.09204909286785158,0.4131144717099178,-0.00834287822517921,-0.07739581997995856,-0.07168385407730751,-0.004897807307726513,-6.533273782398593e-05,0.09047751361927127,0.05580463930798745,0.14593910052225567,0.07013621253454438,0.32514259074916485,0.19834723506652177,-0.10561803454011116,-0.06450593481128113,-0.23231278639775743,0.06124427369243544,0.07440827717795793,-0.08651814367769893,-0.1462415492129349,0.41701587118159744,0.3344234064183676,0.18101934729316657,0.09063114626711474,-0.07807520719795535,0.1217122515703186,0.4086124454686748,0.02219072652780666,-0.346313819996171,-0.06433270190493424,0.022438061644766628,0.2527070049525229,0.3605271607007085,-0.06474635402410661,1.0,0.5005483750568287,0.09241068411196664,0.135469132763732,0.22368484637523767,-0.0869357374068477,0.0002487192460462248,-0.2410700164982556,0.0009736957995423958,-0.269726485072933,-0.07691067366096996,-0.0388897206833913,0.0542491910139522,0.3021916941576921,0.23344107840664577,0.1828873411116408,0.1577113105590405,0.3985593529532223,0.5239211315553663,0.3623603772174628,-0.015404339209907596,-0.21307930502926897,0.04491665725744144,-0.26495472105938567,-0.17994060777604923,-0.13936142184928924,0.28692827192320414,0.23845485158541116,-0.25479313978848345,-0.299050175265088,-0.07777706615715217,-0.12630374256594598,-0.2714593324956535,0.1837581610187161,-0.138121139980729,-0.08618575337380395,-0.23545143673644536,-0.19643025524010596,-0.12842116069919543,-0.040113746089413434,-0.269450326318584,-0.14861291016436853,-0.040715930715556674,-0.09888142232912088,0.05367696584281685,-0.05725855131316833,0.003687368383161672,0.2747025324426139,-0.17523103201951076,0.05434167244329976,-0.4499864243770922,-0.11647034372233768,-0.07790320763962397,0.5688156266041128,0.19409966014402327,0.04976016673013213,0.5005483750568286,1.0,0.3680300443558263,0.35389085456397035,0.2267275128285116,0.08850670802773741,0.08781770601420905,-0.12317926386055912,0.08171145724935629,-0.2390115689248561,0.18783180838435715,0.13654205785428825,0.20748507272913325,0.2548839033586825,0.258641922495349,0.2095939262335635,0.09313340635293917,0.17757039918051845,0.4230444648714287,0.17262163233125027,-0.16114368131051027,-0.1649913658494887,0.048677424665994555,-0.30883323862709927,-0.0731554630269592,-0.07374290415401936,0.2881572814421745,0.35018920913300394,-0.1353552912141306,-0.11975838662418974,-0.040602505699410894,-0.10424264773426284,-0.1974755047626832,0.12329987620907848,-0.06132775896277365,0.06319647542476167,-0.10308520500264572,-0.07966263398255329,-0.1279548828720473,0.08725538278916269,-0.12419088140013632,-0.07333830027940708,0.15161354478141564,0.12445850017516884,0.14196552515725017,0.07256319294159341,0.16209070436108203,0.25527137058899096,0.005440605266432445,0.1434100413476982,-0.42741302866279934,-0.058009148143522336,-0.23682363472761803,0.4641414889518096,0.3697853920126368,0.15816437485980497,0.3680300443558263,1.0,0.5992898992229229,0.1637962906801337,0.09621775980562543,0.5444874841720042,0.3325480465491603,0.2735751672317788,0.2954814222118095,0.345160448151568,0.3798054888163303,0.41545355843829584,-0.3685265639952632,0.11364181170252748,-0.18627938713920003,-0.23206158821633097,-0.3332036815146999,-0.02754260366527512,-0.16671002433366583,-0.24613048388743877,-0.11984035340251338,0.26152406027810204,-0.01834142561646193,0.5112159548776167,-0.20698402684534345,0.1149637922302318,-0.27188449898455663,-0.13694235856451858,-0.11378639901893287,0.12126617225008364,-0.13586571595673091,-0.2081488541944436,0.06180166142009009,0.1920568898506708,0.1326971276256733,-0.12796561291487898,0.003000504683142034,-0.33724344397365974,0.08757409867996449,-0.14054603630131685,-0.22414026562667205,-0.005734104176547399,0.14182489092844883,0.1936006022557154,0.10266854893677695,-0.20688492232344544,-0.3523763209813103,0.007691803956897433,0.051070817022319165,-0.16218234026737952,-0.049463383583788205,-0.2062259264271445,-0.18294899860042108,-0.09839033971656835,-0.20211241012081776,0.5992898992229229,1.0,0.5457536866891529,0.3612531971258932,0.7777443357821475,0.03791734490082716,-0.25759182634848654,-0.037100437844557035,0.23604519797297424,0.18517125987618585,0.2294978220577812,-0.17985489936725824,-0.15119124486935845,-0.24379549249981536,-0.3100829815376852,-0.07634615091881827,0.016243689380498968,-0.05871501497227823,-0.33268694026608553,-0.34129973684201254,-0.11199887383857687,-0.11348233183545128,0.09919778188534144,-0.3523703881811848,0.05038235693533161,-0.20580719669980876,-0.4723945700132194,-0.33915311040467844,-0.2801746626291746,-0.4361159271751227,-0.39677996106094426,-0.3426315482784115,-0.19902138343937412,-0.18065480938426556,-0.34552033943208627,-0.024135337879837106,-0.23546775778954032,0.021173362608650104,-0.2745063178141173,-0.2960953767056784,-0.07888467096538605,-0.04494795910216517,0.011443478581847265,-0.26105052878462204,-0.15050358035046424,-0.1154447892018796,-0.20988194489684417,-0.1204268789217342,-0.22523860058329073,0.06492888426734561,-0.09475953842969646,-0.03239561256017161,-0.006382440382386657,-0.15876640975511053,0.5457536866891529,1.0,0.2089686731794818,0.3783147213569932,-0.36449979094945306,-0.5774685913225462,-0.3071847233397018,-0.08930819960180547,-0.21971658157671067,-0.2962532652626572,-0.0396955173801295,-0.03901670999508432,0.12464193654268325,-0.37986251131636023,0.32315031617493056,0.16276781560217687,-0.029714775415828263,-0.35188848453457006,-0.5823606651048303,-0.3624524965968829,-0.3580305275889021,-0.3039576020310992,-0.5534193976255187,-0.23159083935886352,0.16126274515825972,-0.6393114899994182,-0.27221059516919655,-0.5515762940221032,-0.44706279231888857,-0.5304634884455686,-0.3168047127417353,-0.48929915100739113,-0.5408963312450028,-0.5565441816506673,-0.3700925256897993,-0.3316131309709965,-0.32203201961945327,-0.3279745866152418,-0.3823499492803543,-0.1440576023910435,-0.26686966603004975,-0.1970771601566682,-0.3126492192897324,-0.04091948663901415,0.30672929682847827,-0.08869673654068227,-0.13087408600549583,-0.3590160426037763,-0.2010394238222032,-0.25896481103940694,0.3200420800710122,0.32009511931446927,0.05804674685677773,0.20896867317948184,1.0,0.21694379262104713,0.14563572568149985,-0.07092377008944231,0.12502827570251135,0.06703141745886049,0.1846768776767339,0.09613794599369468,-0.20278230591714763,-0.22240762016572824,-0.3100014755277334,0.016755357163162815,-0.22658693275532715,-0.1981956997504424,-0.043454774990835374,-0.04245892631593856,0.14857565109134188,-0.1859594557503268,0.23165061814738444,0.03461394401173973,4.772733555277832e-05,0.18103033354042,-0.3108904103744158,-0.2511221014817507,-0.23249799476865568,-0.140721444477069,-0.1948526276980889,-0.16062054510045642,-0.4227727198480477,-0.07530682576003576,-0.12134617942006984,0.08075866209932661,0.41974593420643874,0.4032956130145317,0.3375524862711329,0.013578079991519155,-0.021638178064714447,0.19554418267919663,-0.140804223266539,-0.1726806642330953,-0.3537745118925833,-0.13320973106266049,-0.08686945986285814,-0.4147148992382192,-0.16377489323599909,0.19149471976657137,0.5306629297663749,0.14031978373586304,-0.13422495815685145,-0.22858027223526303,-0.06309947940204869,0.21694379262104713,1.0,0.2731738177118511,-0.20198044690462663,0.2696506616560694,0.24912495030838255,0.27171668031835194,0.3552098239284121,-0.34206215583949534,-0.19382115067678743,-0.3543650464753118,-0.5045811927495141,-0.1627961204282773,-0.06961863528877008,-0.11708574294256067,-0.2425572431907952,-0.4057408603349317,-0.03603543575634392,0.03538617118877662,0.2627910596752492,-0.38173119225370566,0.014196454271146347,-0.351936686283848,-0.4389755602172404,-0.3554402166938482,-0.17300284102460697,-0.36795952815743693,-0.3512169092996182,-0.35140559978863795,0.049032518224308166,-0.07604892947136313,-0.36575372043330023,-0.158444509768623,-0.3812596098374511,-0.024924664479130745,-0.30120457824904606,-0.36916732801456176,-0.31054053484792565,0.08204092960606296,0.14953048229581767,-0.17865040013960892,-0.2851200679007041,-0.2938889208124661,-0.177980640034528,-0.03496101947030294,-0.1897351444588226,-0.17855785964031795,-0.05193775464266193,-0.1719257958421472,-0.08141303985685312,-0.12403704860297692,0.2731738177118511,1.0,0.5208094785152121,0.7546090827415971,0.5563809943836089,0.5648816823865414,0.7006181681816679,-0.32978321720214165,0.2579225275713958,-0.2297701524790335,0.030357201508105124,-0.6132537523676534,-0.29821792960703924,-0.13764131307838967,0.02511207435490981,0.199800651999913,0.2441302665810338,0.1919296307202364,0.6521363496874295,0.28099251289987665,0.3670272671904948,-0.49758921526633165,0.29786537565586607,0.11575987482864292,0.5924763976202602,0.24059318177443592,0.32474991654015045,0.08082171288594049,0.6620266217731822,0.6232048690131942,0.2840914092344639,0.4136444396332177,0.11977288941848796,0.6337834223438615,0.31954929263339565,-0.0038174777097436208,0.14756489560281638,0.526063522882714,0.46051028774668873,0.3423102012675902,-0.07915257653477999,-0.5653434401604913,0.010630266998678722,0.4074562575458279,0.21822286840725771,0.10071494723155507,0.09253706824477155,-0.4561327958261716,-0.2803469977493624,0.14605433082677363,0.5208094785152121,1.0,0.5020749082643756,0.24814617558506655,0.4023515818248753,0.4859402050409029,0.010077804432518765,0.3034405579766836,-0.1426135477705477,0.4369749592612109,-0.46468833399597936,-0.10575019206124477,-0.10301760612105353,0.3002083422085998,0.6655152192195244,0.6910926493132341,0.37088385294072934,0.6723271950860452,0.5726019305735848,0.5047459373914128,-0.3209106134687723,0.5801698931086382,0.16168053684776135,0.7688244140689235,0.44888961246348713,0.4240753744718731,0.35904530689161035,0.6601144067674751,0.6119907032595947,0.6071543500147993,0.5187373154393317,0.1428732084729642,0.5051561076521052,0.171666440606579,0.2591271963316214,0.17811321804052863,0.3167791494883705,0.20617572393971367,0.33413762920875945,-0.16982853465491776,-0.5763602366458005,-0.047048116923372775,0.2115476995187506,0.09523818903944307,0.23968741153444575,0.11766554877435412,-0.2653785056363417,-0.35855720538239194,-0.1094879719411642,0.5020749082643757,1.0,0.3517656199768827,0.3496832998431963,0.5277809936548831,-0.36792215018049407,0.12455518992684111,-0.20928195731514776,0.022988046223073388,-0.5283596558199385,-0.27102699249014495,-0.19061100277223547,-0.0022741560271467487,0.19478320835127008,0.2681056291229642,0.4623538915965634,0.5686222971086743,0.15557007612657228,0.25116575739395886,-0.422916296276444,0.24663575391404516,0.14565434255723694,0.5419737057773556,0.38953920188108826,0.2990173247087116,0.1181175171712228,0.6997472198235886,0.5100052762567092,0.4053752528850668,0.2810942911071001,0.06725968905736189,0.4437849483430043,0.24260076633522992,0.16427634043459138,0.08749663966414328,0.4159288946035298,0.4109527982951004,0.405834535782957,-0.15224212502421408,-0.5601717206505482,0.10055433106532605,0.18311104172134357,0.23585917258990127,0.095035321608431,0.17864892685823444,-0.44064351172818816,-0.32345838947422334,-0.03825240597226366,0.3517656199768827,1.0,0.731235657552378,0.731983118782443,-0.050713186923752034,0.3943229040112908,-0.1259744682089366,0.10556773029903065,-0.401769577185792,-0.13005761337543784,-0.053657795210558426,-0.2641594340948057,-0.0013471955132135767,0.007898939691444997,-0.11684340334049244,0.3510986665579749,0.25058928769129507,0.3722427387810648,-0.14763329987665555,0.24848860141042273,0.18467630471612365,0.4111239495892631,0.2709545794241759,0.3285332172515574,0.2906996675591207,0.5050517338873132,0.6533865055551032,0.18762431559547676,0.1851225511780334,0.021101510046541386,0.4512127676017023,0.4455654457840866,0.0609823966946404,0.1410833187978104,0.7133866899413143,0.6082969029418169,0.468070048440018,0.3085592076152261,-0.16386582071934883,0.11140358182190352,0.612769252679388,0.0026683756630037185,-0.051332846051556406,-0.07186339108123499,-0.100020756358493,0.1569930691373569,0.33867664571882,0.731235657552378,1.0,0.7087965497575386,-0.1994873407770576,0.1611325085657834,-0.3522550629489312,0.06472105989459313,-0.437795582235699,-0.21204593874645275,-0.09847454988616094,-0.11395556228884313,0.24223890171105317,0.18213073188067075,0.08567530191001145,0.5382105368776136,0.45045621682961456,0.45301740755445297,-0.3703620302706482,0.28142086995872617,0.010525627980764276,0.3859727683538201,0.10810900156773141,0.34123100974244963,0.11761413674795505,0.5531090672073075,0.5373711181771037,0.19726767601131007,0.3282617717135123,0.14251790715840915,0.3866976346648464,0.36558543691826795,0.008244654962233283,-0.003817159997679367,0.5256691863570824,0.474602352953084,0.1758025132656285,0.13126595989330536,-0.29036111590546143,-0.17141294951159639,0.535306127300188,0.20648481665616625,0.1390004842054086,0.0983056081634585,-0.13237142832857163,-0.056760383630481935,0.27574218856065363,0.7087965497575386,1.0,-0.10766123844302553,0.2598401295378648,-0.27825617993567925,0.1293188423991934,-0.47910308436323046,-0.012010689795530369,0.005748638313332789,-0.08943422718499075,0.12395545018007965,0.2855894918095728,0.11611909926817768,0.5494461472582048,0.23068832034299408,0.5759362023016519,-0.35428754132594525,0.25105706578062587,0.01992083257036165,0.5804464710065987,0.24698424288307147,0.21920817113390592,0.1788665152041886,0.5781350143133361,0.7151729089293103,0.26007552560544034,0.29602069891915483,0.013756103038754635,0.5574785624234347,0.21828690829847824,0.023216488363386592,0.05731376842410537,0.6495445300705012,0.4723669088570184,0.34297483309309373,-0.039260646816277264,-0.4618581546489776,-0.06001888767400874,0.4146358580227917,-0.00886743700340737,0.030534632927172383,0.121794732896279,-0.25921422749580664,-0.18768391143767496,0.06825690849351183,-0.10766123844302553,1.0,0.3751027100406598,0.306736950723228,0.4726812202565892,0.3014790711792057,0.3855726935639793,0.13435358273978992,-0.027329197872842416,0.07347756967478816,-0.05441428289877221,-0.3017228766072174,-0.3816953150698647,0.24744678847591065,0.01667322035089969,0.49270111604790134,0.22173968003757988,0.16189700765733983,0.08645973800820174,0.20776153954117024,0.19663622271275413,0.397818206691353,-0.07642922523619193,0.1301690409092063,0.049878102817891776,-0.047238114042622605,0.09534787864218232,0.041057969591161605,0.10386536512058824,0.15749176635388645,0.07800417167105206,0.027628651883004125,-0.0686225613782028,0.17547143478819416,0.33670001553202783,0.37915896643169983,0.16136052697121175,0.1367961551208066,-0.33234942464910816,-0.13329976406841165,-0.13039243553799026,0.3648996054125904,0.214479643928942,0.12631121403709877,0.3751027100406598,1.0,0.43734973441615216,0.4070849949167095,-0.0024487169300148564,0.13453712636149745,0.03704346848761859,-0.05793706625376759,-0.02419377054002724,0.06967194912442987,-0.3769927721807369,0.16708440743750144,0.27003835989517205,0.25600089207323307,0.29756312803855184,0.3314970922576953,0.3085981643733067,0.31506469704474177,0.27224394146812486,0.2783080634103708,0.4972221211471188,0.23160167653106256,0.338381221013514,0.058563465934517264,0.15557837998074983,-0.030973423289554505,0.4306187369454788,0.2590485763255227,0.05721680055060734,0.4449004205050301,0.42757396209397736,0.2945491773533432,0.5628105594848135,0.395494149408581,0.11827388537673474,0.4262300131774064,0.5730864919689519,-0.2350689597685661,-0.16663706812140025,-0.1391529642560926,0.17435000756442365,0.26316361189115367,0.2910195884567803,0.43734973441615216,1.0,0.26899000678398094,0.3727435803760351,0.35615984296928005,0.050540080884516246,-0.085233119862361,-0.1822608863645796,-0.22937628308172048,-0.45688720889534784,-0.3241149234044454,-0.025563936799562408,-0.11938503483892716,0.7236816541178464,0.18207877272700448,0.3725344893526936,-0.033016778649840935,0.1987597811769617,0.09792928306271123,0.3370113597166446,-0.1535172794526501,-0.0811557057014871,0.005150325771304063,-0.2198789215554706,-0.12813283855435775,0.0027973103814059627,0.22593743619701087,0.2803401751148146,0.506844666911578,0.2170767346178178,0.1263002295720806,0.4078488436454585,0.507875649906226,0.49480241476130954,0.5780926237099328,0.25493747624463886,-0.13791465855289853,-0.14081093280481155,-0.18538112924890185,0.5086861003547056,0.5279985535885224,0.34410740904083265,0.2689900067839809,1.0,-0.1755399698394914,0.12981622762276168,0.13362625958889465,0.20411374418493028,0.4370575149171575,0.14130688986494064,-0.03497704328627498,0.07323907776935774,0.6115723487033486,0.3327901163943347,0.1973860118031896,0.5329727285453915,0.2751753269890624,0.4056650901669336,0.4677132983665067,0.5253135937006216,0.43350210937282446,0.20818476618751017,0.3595739041929759,0.5211655395588081,0.5025094376008519,0.4414573015556126,0.5247095468438794,0.38044280304050815,0.5163745897517278,0.4871514544259115,0.2049990353806914,-0.04030921713299941,0.36889963952348453,0.36000340519756546,0.02805197824232513,0.1634427713229004,0.11781813094191992,0.14373935740249608,0.3288266584530457,0.27906397114961623,0.07424758563659449,-0.03903404246200245,0.1229960375549994,-0.1755399698394914,1.0,0.4497314072958968,0.3428081704424079,0.04509122351982809,-0.3114544076869736,-0.2947015989773164,-0.3087221602891349,-0.5817764388067107,-0.3015179913782468,-0.2348270432509356,0.5311345671204283,-0.2525077379796108,-0.0995807061106352,-0.4359702611336243,-0.22541120299775247,-0.33396403276284753,-0.02782482329899869,-0.44545327329313167,-0.48010823526443785,-0.39908156876982726,-0.5298946064390404,-0.1554331005413686,-0.4958976061405526,-0.24593544580511556,-0.19809801991013237,-0.09583145672177767,-0.372208354473088,-0.10204541394751895,-0.2638627265891112,0.09083662659824288,0.6181694215551783,0.01861681390133139,-0.07650814375846576,-0.3413199165817376,-0.3228143975645287,-0.182146812071315,0.5967908964208002,0.4470431422835472,0.18037916562327705,0.4497314072958968,1.0,0.41678706094236817,0.0025569518022644385,-0.28150754692366414,0.03995082521120814,-0.1709212802733971,-0.24576229150369147,-0.22711750613934167,0.15222007750965058,0.37200708847303704,-0.20607849813019197,-0.25005679456254254,-0.11074063299417626,-0.06250506176337103,-0.21238031377965796,0.14312929319707993,-0.14806437413838283,-0.08879402562175656,-0.19159374010506597,-0.2671380549051679,-0.157246729333865,-0.15091266417267163,-0.24507513961201732,0.002736729873103576,-0.10759890337278606,-0.103214902943792,0.04193369122855507,-0.0556507462079925,0.05913674136049526,0.3326954077498394,-0.04445143745909058,0.07526495972995988,-0.4438616871253333,-0.1364627300168193,-0.13310451285028957,0.5518814802222304,0.33618769025657297,0.17760678349578504,0.41678706094236817,1.0,0.26861926199424296,-0.18527437191824456,-0.12266200725326488,0.029739534543470735,-0.15523163502729867,-0.017179236445491006,0.27295859313771886,0.05837709344299239,-0.1513381369442323,-0.27653481348727377,-0.17999089545755872,-0.1317678560975558,-0.13599978453051956,-0.0602329065077902,-0.14239758848322215,0.00270253899058646,-0.09058541440249747,-0.1124517418720786,0.07833778493415115,-0.1013008094035722,-0.168102617073685,0.004279826925963223,-0.1698421076539162,-0.1825618738774584,-0.031819728574353806,-0.121808267853367,-0.15424497170879767,0.16201720787367346,-0.16144501342627965,-0.016229576329325198,-0.1487393937826278,0.011965814547189427,0.2541983453147444,0.19952723556966667,-0.03046497129785387,0.003348112034070678,0.26861926199424285,1.0,0.2976623517141905,0.34482336336512676,0.28948428906583196,0.1699276355615292,0.21178446458845335,0.2430822878149045,-0.15045422344306267,0.13162267513243373,-0.12410880862265164,0.1339132527674232,-0.00011774252826856223,0.00563896850876002,-0.09521503065677539,0.021440207958729668,-0.06765367704604262,0.19709379107463407,0.27020740550714767,0.10143142428586768,0.11287109310162528,-0.22827242705585307,0.011083489780368046,-0.05373781722196334,-0.16190455760529915,-0.175958563521701,-0.08659633784950864,-0.29501525738571777,-0.27169164300352566,-0.16937526966789088,-0.2513929479905139,0.10390585617006332,0.16503066727785037,0.377438668510328,-0.04831451365884427,-0.2472484789086963,-0.14736429263688844,0.2976623517141905,1.0,0.47662350888879573,0.4463601038109438,0.3269212938398536,0.6532175133195475,0.21884310352349368,-0.2688276425256164,0.6455884336709045,0.30674670951342287,0.5527107332426301,0.4304588636817546,0.5120693502855154,0.1835166325897032,0.4016508005224584,0.3625842738507172,0.7184494618338301,0.5777578885019128,0.4664617892450564,0.33330711461839124,0.32471954820149607,0.4810526105234108,0.2630269598582026,0.01961402260867838,-0.04491886446356543,-0.01183002851800822,-0.036759084420082896,-0.40531916597974393,-0.20981599437475135,0.010294051286938144,0.40226554127080144,0.5039221128234203,0.12396407379075788,-0.32042080990589006,-0.36076393758849623,-0.10422237453603823,0.47662350888879573,1.0,0.4206447149874888,0.5226174233246249,0.12120751705514904,0.31119906659344726,-0.3299811318780648,0.24101474238639417,-0.08603271205001432,0.6223682963367512,0.18941706439284353,-0.02260369547698419,0.1291349422238264,0.3002004447635645,0.25731023827722393,0.3051756473131002,0.2431236543403296,-0.23276317516232625,0.16698531246534123,-0.23450455050208144,0.013030958325677713,-0.13862020573431105,-0.013226846683514887,-0.08293146069061123,0.05672243964016209,-0.3349033467184219,-0.5172450388849902,-0.2264566975154616,-0.12708322883788603,-0.19220957522195212,0.05798012899436728,-0.09160650172443105,-0.2908203927767823,-0.28329824744686377,-0.28768191995879966,0.4206447149874888,1.0,0.4221846917570008,0.17786529972592463,0.27954065577157905,-0.5098644111958164,0.09066482684973516,-0.2302920614848204,0.20968026001870052,0.1735532172243462,0.10730156141997002,-0.24735095482063488,0.2932758077089391,0.17741749928221323,0.4333384310393528,0.28137673165678423,0.1648691106829674,0.06671035687073375,-0.12110076443869772,0.213765752771826,-0.21369670998228216,-0.14783801605076438,-0.09065071208083753,-0.15115332921585192,-0.44293304762285246,-0.4938087102262581,-0.3721771646996246,-0.22969246762760448,0.2488165518780401,0.35534813435803886,0.26362518697826914,-0.43319960257580786,-0.492391078621214,-0.3128931179535704,0.4221846917570008,1.0,0.37837960507979257,0.42271358181749735,-0.5507060315757959,0.2526526397864188,-0.09421646580526814,0.42040390655086,0.08194958116158478,0.2454113002598881,0.021930024044420817,0.5121153010157558,0.41759519439643183,0.30035275401955563,0.45952782902083866,0.036441034122052615,0.40431774174895246,0.03439524003610457,-0.014067329563602227,-0.004330480123438484,0.29192269986361674,0.13648259124531065,0.1877918254853916,-0.2989047451090102,-0.645982788933786,-0.07690784712525665,0.2570251309175477,0.2254143620387608,0.14525091051303407,0.15097935608122587,-0.4470236696251541,-0.374928028733986,-0.04987405017052661,0.37837960507979257,1.0,0.381884269461049,-0.07756670662239323,0.7254145785805953,0.2870596416392695,0.3977712287733845,0.4070585224093044,0.7969935890432122,0.2854509474921111,0.5091691915062785,0.5416493936950711,0.6017115715956038,0.5833012757049744,0.5367450065149179,0.4831894326805071,0.5607887085447785,0.45576635537153193,0.28711166994295756,0.3556188457837475,0.21812495808601176,0.29357132400944586,0.3009532603955496,-0.1630238625306996,0.05233291591266248,0.46055649998446896,0.4327143898271881,0.3616527988594224,0.2954104713398177,-0.08585675499048867,-0.1313143093709221,0.2662383542722359,0.381884269461049,1.0,-0.22811412406463888,0.1534734373009322,-0.1980992829040553,0.3558988157239051,0.14324222335128522,0.17083633220718153,0.02177293866609848,0.367513396926224,0.4721350218757149,0.31706538571294324,0.4044333395093125,0.15545818398292796,0.5593140144242045,0.0754695185506895,0.10316774342946808,0.17675950132700907,0.34494579571834766,0.2871387254693166,0.2112241122205968,-0.07559863930425453,-0.26827667868583327,-0.18627651226376543,0.276754335142414,-0.04365490886632503,0.30061156577716475,0.2552714661008256,-0.023441583376970165,-0.17304877749214004,0.06663430194636609,-0.22811412406463885,1.0,0.07979068688302014,0.4446613227963469,-0.16920148583659253,0.2269375401812522,0.10588794821862949,0.41501738600751353,-0.23619551466181288,-0.11910023497672148,-0.12058467235097392,-0.4359863736427575,-0.11654325803390604,-0.2291741671032476,0.2491349605256969,0.17466513962659516,0.31342450668405814,0.11881837299712542,0.04364630124243388,0.368768569067206,0.650875000515796,0.7621434081230003,0.6076150709635539,0.1611870372163018,-0.2244890145220204,-0.3791390904947842,-0.2618749573818904,0.6850171617345893,0.7102025105680881,0.4032925572196647,0.07979068688302014,1.0,0.5891856501503688,0.6270451621347605,0.6581528248236724,0.7623721690749997,0.5575055353948845,0.5774009291106148,0.6315861575921757,0.6505826528097004,0.3003624616631488,0.24728932643997725,0.3660305750172457,0.6200657672208415,0.49891963353549224,0.34589347730159203,0.435997996273818,0.2974475379111595,0.5032190736754234,0.3834752003852328,-0.2095159924185181,0.29369932859796954,0.4037126364833596,0.3451715599009449,0.11903995958244508,0.07168875391674828,-0.1624183105816945,-0.03732184390789456,0.1977351926585448,0.5891856501503688,1.0,0.4040038909322789,0.6444142413668562,0.5960572618863573,0.6322332204623693,0.28906874020858814,0.35821311303862574,0.4020754929379058,0.0008479341750495267,0.09784766568074645,0.11557333531891448,0.7153967084826385,0.42648171713624816,0.5132053908169303,0.4092653702035782,0.23320238807332452,0.5737034495839458,0.5818065140039952,0.12427849396653452,0.6852618962913526,0.23091400574399487,0.35119853647192056,-0.11334060497815628,-0.07403732018095366,-0.0101654912522318,0.2189478023542095,0.21471126841272184,0.4040038909322789,1.0,0.6573819770609103,0.453285999339161,0.4863193749188113,0.6628439975459167,0.7302851774548941,0.5873889603686552,0.3479572891702159,-0.005869244704260744,0.5395962238866735,0.3692154568045425,0.304482115869771,0.200138613378559,0.4810782229590708,0.3254907345597007,0.49488211554873784,0.07305464532395457,-0.4587760450210964,0.08444606488402905,0.24582932011869688,0.01967132905609271,0.039377579687840406,-0.021200558283374433,-0.2722287334957834,-0.16474211377051173,0.024243576527262743,0.6573819770609103,1.0,0.6991059953766363,0.6455201850708684,0.6165817676802147,0.6472579671593454,0.6573010028193764,0.09623852259451152,0.09410036934965021,0.29210670893941465,0.6193781037386318,0.5945226148774776,0.2717457411052715,0.48249462680375743,0.38684696528113494,0.6620002545824221,0.41680350041848646,-0.07236009269598563,0.4031494724120896,0.23390552906697207,0.13050069471787495,-0.06298143356733879,-0.0447924610338676,-0.028921300923318547,0.12893376094374587,0.2222953808459182,0.6991059953766363,1.0,0.5222555397219995,0.6224707828086564,0.6480615546299157,0.6208635228076228,0.3494658305038621,0.4136968258202604,0.38663902500328107,0.7915311487326232,0.5827395478957623,0.3212344364113932,0.4926183785347242,0.38606252598869534,0.5361069557229389,0.5303958997428362,-0.05477951772948559,0.36030804093609253,0.5062477100352659,0.4826217346985815,0.1563439519271485,0.16649584821586447,-0.06528563281890748,0.04979661607866087,0.37788756897599607,0.5222555397219995,1.0,0.4395185965707512,0.5057208496107785,0.3099244043022955,-0.11889106694798449,-0.09976449693621159,0.10215474009957332,0.477446204114044,0.28445992397858383,0.248242987819056,0.4081698940741228,0.3393851081493987,0.6640717601821243,0.46728280892071294,0.1332898854214261,0.5176972103880941,0.37476427887820407,0.007639912090290254,-0.24290460126300972,-0.12293125418282792,0.22393707496252077,0.2483755918631849,0.20642229985922397,0.4395185965707512,1.0,0.75440913520832,0.4883940844393456,0.2695311600016491,0.09692494473211204,0.4241538444061045,0.46623849328060546,0.2610459293980305,0.03885548394976959,0.5789797700427542,0.6093985327103829,0.5210837726855965,0.11186496204270438,-0.40924809914266735,0.09942327962823974,0.45278757850957946,0.17733452349987566,0.009739506259784968,0.05629032161064931,-0.19680019418310288,-0.10500853839511054,0.21513522382745137,0.75440913520832,1.0,0.5752347741165698,0.2581134080370082,0.13376664293131088,0.5221068283039487,0.5756350094986203,0.36161442886219675,0.14664438608202007,0.6984349717987531,0.579192849472668,0.6096490057761664,0.23009600339632247,-0.33777428995986564,0.19843667081111063,0.5535788724376409,0.12004646594145246,0.01925393743858693,0.037703465903795114,-0.2247132278716112,-0.08724025011944991,0.18792346200826085,0.5752347741165698,1.0,0.48440744023034016,0.39972197264986514,0.4602476374499333,0.4749261553231443,0.7650300967685449,0.3586099891575278,0.36130598418383936,0.23295811402748365,0.35054576548779653,0.09830561565822697,-0.3585861868500107,0.10418303506985532,0.12119889896522892,0.4575997135273898,0.4746804219670508,0.32388447964192735,-0.2751123797591869,-0.2741806936625307,-0.043663794084075495,0.48440744023034016,1.0,0.5722832730857385,0.731281454522499,0.192362075174456,0.2940822234618742,0.4094662992330289,0.15668490516744135,-0.046667843136756766,0.005036495414177851,-0.06074377022933149,-0.4388136769213891,-0.24221805109769937,0.04151316700744411,0.4183425884891033,0.6965527032860132,0.44911680098676326,-0.3607381462974023,-0.4442560326608604,-0.08873398430008413,0.5722832730857385,1.0,0.3780785598115641,0.40951905149076767,0.38388931745052146,0.4305910798576004,-0.03946799704802688,-0.04859750076036935,-0.09393281324213233,0.14735493921363224,0.027673453992778343,-0.11422761106572903,0.06958899656839533,0.535867494118326,0.5403235641621669,0.35496061714072624,-0.12539958650095995,-0.2079932468124988,0.1259793127041805,0.3780785598115641,1.0,0.36306769458929405,0.28290878120382135,0.5603498768369088,0.470444365137658,0.2687302699279007,0.3587516170257046,0.16962711548183032,-0.3407491166498612,-0.012355767776217948,0.29284839118437056,0.14707149490717725,0.3864902076428512,0.293185529963114,-0.2493937275242524,-0.2144917546685498,0.1026659566369925,0.36306769458929405,1.0,0.5120521699745635,0.5064896557166351,0.5637411980456135,0.4448814534945063,0.5517154813339942,0.7223671921984732,0.14031036377395378,0.4656622433277927,0.5153916884841969,0.4843534055782089,0.09209625690711176,-0.0006769542684856466,0.004534993976918287,0.22700227248984975,0.5026246366852807,0.5120521699745635,1.0,0.42272598329415856,0.2691797162975335,0.17554686667451935,0.3312107597634827,0.3398574148684014,-0.033528414680745876,0.2776468318431613,0.0720997458326567,0.3544432754623486,0.36686044418127856,0.2267283319502021,-0.02810589926176689,-0.04446936390327016,0.02955677057012047,0.42272598329415856,1.0,0.28095379795942266,0.12762193794048932,0.375833614767192,0.4775885751525296,0.14067883417769747,0.42580505934260976,0.18640137872240808,0.28758590151613483,0.3472829353708755,0.09933911202801597,0.04547804963729835,0.1441806467931074,0.16396938353836008,0.2809537979594226,1.0,0.6671943124793993,0.7141707107025466,0.43152555767398487,-0.1145976957468158,0.4320472098061406,0.6405730688988537,0.1336948872356818,-0.09489239525582921,0.062019085361767805,0.01947773671716204,0.19142666225071583,0.3999227422726843,0.6671943124793993,1.0,0.5170130807567808,0.33483843184550094,-0.06179190673695364,0.2403079521068004,0.5940432309812945,0.0499936383672278,-0.08710335183051451,-0.03447755555071061,0.1336237325303352,0.2652176077356491,0.3709281059066013,0.5170130807567809,1.0,0.5298052477715621,0.057611050153891674,0.7326635709524904,0.4616591899428382,0.0125167396241477,-0.239197308335698,-0.0639200906614975,0.05622358746643919,0.2683187579586728,0.29894769263113724,0.5298052477715621,1.0,0.5700270436989258,0.55961264570724,0.47862449328851353,0.09155920781118909,-0.1493010271772413,-0.2206980963211824,0.4289609978015705,0.6387892696401635,0.623758756276505,0.5700270436989258,1.0,0.32207541038205895,0.1512278794727076,-0.19231895025472187,-0.2804741192460783,-0.2876735824608355,0.6936849683523265,0.6975270831366983,0.46836108225481743,0.32207541038205895,1.0,0.26487845054814046,0.08748269673185603,-0.35002118547441413,-0.13571403261772091,0.15035409588288137,0.3706624188092794,0.22365056505340877,0.26487845054814046,1.0,0.04780742694929868,-0.1161691451425968,-0.17909760711841483,0.2560812523645469,0.3898418407943488,0.6408909227607034,0.04780742694929868,1.0,0.5035647447840969,0.528739954767339,-0.3177642891617115,-0.29428247688742915,0.06183720561283913,0.5035647447840969,1.0,0.4664172322270304,-0.2381945599280884,-0.4443353003255535,-0.21387144745773065,0.4664172322270304,1.0,-0.21681842015563835,-0.4675013046771884,-0.27432558373661414,-0.2168184201556384,1.0,0.6931464600672825,0.5096171510856604,0.6931464600672825,1.0,0.7098309130204653,0.7098309130204653,1.0,0.4399036492828276
