0.2862568	0.26794142	0.0012026788	0.36970696	0.38458732	0.55945444	0.7246038	0.47809133	0.4939149	0.52228457	0.6998464	0.1722273	0.20877513	0.20056067	-0.053498022	0.08274818	0.006600368	-0.13541234	0.01262525	0.122372605	0.21895495	0.29477164	0.20546599	0.36298	0.2679273	0.049718257	-0.081976555	0.15178593	0.45092985	0.29651177	-0.072212435	-0.033350386	-0.1731281	-0.01896966	0.07356787	-0.042827737	-0.08078383	-0.21835984	-0.036266815	0.3217532	0.12205795	0.1179821	-0.13900743	0.24863969	-0.006143429	-0.081011966	-0.36678147	0.26513162	0.13384089	-0.24525674	-0.11680257	0.06412149	0.12539718	0.09006168	0.16226219	0.16101159	-0.24461626	0.049673002	-0.08011849	-0.17345403	-0.24594055	-0.08231835	-0.012012454	-0.19890282	0.06213095	0.017726691	-0.03669283	-0.43390107	-0.093811266	-0.2654387	0.05677055	-0.34729183	-0.03202607	-0.0662026	-0.39464682	-0.17811784	-0.26309264	-0.36233273	-0.10983399	-0.34325242	0.005968876	0.033163454	0.072951026	0.05114622	0.066416025	0.16699146	-0.13202202	-0.2148677	0.11703207	-0.006412119	0.012144777	-0.08089452	-0.02507253	0.109456666	-0.07327894	0.24498037	0.24089684	0.1335006	0.2398555	0.74779934	0.23075627	-0.14504726	-0.26048046	0.06963138	0.33707246	0.70345527	0.54245824	0.5930822	0.5139835	0.5322166	0.3237336	0.1559796	0.11889049	0.17501669	0.111355335	0.037949856	-0.053402558	0.07684492	0.030728828	-0.15799826	-0.05932765	0.03381599	0.10095623	0.036653228	0.4086185	0.21029134	0.14076395	0.08354704	0.022543903	-0.01608647	0.092116676	-0.059787557	-0.35326633	-0.19387019	-0.35681716	0.16403654	0.15687126	-0.31460682	-0.109373175	-0.06478777	0.19961047	0.15276405	0.33932406	0.37605882	0.35132703	0.2840925	0.24010077	-0.12764832	0.20325933	-0.033558246	-0.17537688	-0.35773048	0.36319828	0.34515983	0.2546476	-0.0032646735	0.09726868	-0.0067200633	-0.4035722	0.22489244	-0.18847923	0.06915854	0.30640596	-0.42611468	0.09774513	-0.23061383	0.17943051	0.012695258	0.0838079	0.11198047	0.1433828	-0.2307945	-0.22757646	-0.3681843	-0.28766918	-0.06505889	-0.33229405	0.046705768	-0.31866136	-0.077790394	-0.37236878	-0.05160257	0.021111745	-0.28366527	-0.22125445	0.16402398	0.15638472	-0.051891733	0.054927006	0.23434496	-0.17080633	0.107029915	-0.018502798	0.26280922	0.13906159	0.22151472	0.2432172	0.083737984	0.30374315	0.599575	0.39270443	0.23473535	-0.043194193	-0.14899135	0.12549393	-0.02512612	-0.08079848	-0.09396238	0.13017438	-0.09611949	0.26134536	0.024344165	-0.004094246	-0.086647615	0.1195809	-0.08778294	-0.11539654	-0.11463533	-0.12125605	-0.08975759	0.10877647	-0.091624685	0.115423344	-0.057120673	0.025205469	-0.0063502705	0.21367097	0.0013762667	-0.2849067	-0.20112924	-0.2537985	0.057698287	0.108644456	0.14004856	-0.0038341521	0.04595022	0.16260721	-0.16218552	0.030323185	-0.20448631	-0.18647785	0.036535773	0.13381697	-0.104182795	0.101876594	-0.09385412	-0.16931695	0.19020475	0.020215733	-0.35981444	-0.28807092	-0.08968406	-0.286874	-0.15608443	-0.089517534	-0.12827618	-0.24029486	0.04903564	-0.1548972	-0.20374908	-0.0794227	-0.12057709	-0.33051628	-0.2125231	-0.13896532	-0.06781261	-0.10753087	-0.0052865767	-0.09145747	-0.1465626	-0.2273264	0.09775098	-0.101790875	0.08624511	-0.19704409	-0.054267813	-0.11630786	-0.06491632	-0.156906	0.12579311	-0.09134485	0.06300459	0.14735341	-0.018281873	0.14086276	0.06592937	-0.08706485	0.19399153	0.11701217	-0.40592486	0.005145394	0.021798398	-0.030163279	-0.08949806	-0.25487012	0.1979286	0.15429577	0.15414646	0.31052217	0.15863764	0.3385937	0.2504403	0.039296545	0.029042374	-0.07940161	0.010146334	-0.02824829	-0.0010704163	-0.31679899	0.0789409	-0.063599125	-0.15861031	-0.026454454	0.17318963	-0.17057604	0.03152921	-0.07265668	-0.116851114	-0.1106732	0.091503516	0.052500665	0.015620906	-0.049258687	-0.0057997447	0.16306807	0.12141194	-0.030118305	-0.1229105	0.027888654	-0.29776433	-0.36287364	-0.39819258	-0.29891163	0.03862716	0.094166204	-0.17757861	0.0912086	-0.089117736	0.10558918	-0.14213358	-0.04252513	-0.027920524	0.012972735	0.07405637	-0.18602817	-0.135745	-0.07256618	-0.041688595	-0.3360898	-0.1090256	-0.06552046	-0.07502434	-0.16524778	0.11650404	0.1942557	0.04184346	-0.117980555	-0.0641955	0.29824415	-0.31078553	0.11516523	-0.24203873	-0.2214139	-0.099978514	-0.28959456	-0.26890388	-0.30392385	0.18302189	-0.16065688	-0.06650112	-0.26905996	-0.28975382	-0.23464411	-0.34219974	-0.20863073	-0.059807453	-0.287862	-0.06957409	-0.21745604	-0.1328179	0.0027013668	-0.27427408	-0.035386704	-0.20368193	-0.05488084	0.08120988	0.2706523	0.1315073	0.030149098	-0.042933982	0.0048308736	-0.1124957	-0.12533009	0.037414268	0.23128942	0.13359462	0.03097431	0.09559119	-0.120704316	-0.19600765	0.0034240459	0.052789252	0.007638553	-0.0877476	-0.059744332	0.24156287	0.024768392	-0.041550882	-0.15237899	-0.038262296	-0.20631096	0.076274544	-0.16208112	-0.11277597	-0.22205153	-0.1908088	-0.19038354	-0.0796852	-0.23439333	0.0705726	-0.22044702	-0.08584689	0.10990078	0.1324224	-0.04344982	-0.16952671	-0.19389978	-0.1607344	-0.10805089	-0.13036472	-0.06565033	-0.18531995	0.047171656	0.10625788	-0.1666701	-0.074069716	-0.29807848	-0.042989254	-0.009779231	0.046444215	-0.07261428	0.1988107	-0.13917549	-0.058985677	0.12994903	-0.16575673	-0.4059155	-0.2243931	-0.018977907	-0.35317934	-0.088571385	-0.01853074	-0.2868478	-0.31245434	-0.07593438	-0.08735266	-0.11347776	-0.07676313	-0.01039758	-0.122043796	-0.12610242	-0.23793697	-0.06790417	-0.21417283	0.018274603	0.21240753	-0.16327913	0.107098855	0.107302964	0.03052336	0.2839612	0.053312846	0.03963216	0.05422185	0.07725387	0.081450246	0.07505368	0.01263742	0.08534368	0.1688982	0.098492846	0.3123507	0.24178581	-0.14063029	0.1471429	0.10799634	-0.43868756	-0.106910266	-0.07423542	0.054406606	0.08736095	-0.09673438	0.12808481	0.047008917	0.124339715	0.07378939	0.33036333	0.16140871	-0.0560779	-0.046720866	-0.02007448	0.0022865075	0.21824205	-0.01871259	0.056006115	-0.28111148	-0.11401621	-0.14786698	0.018662404	-0.066324584	-0.02050534	-0.21678191	-0.20927522	-0.019540949	-0.320318	-0.18227318	0.022256935	-0.07139481	-0.08481421	-0.14302808	-0.108060725	0.00076205144	-0.05203765	-0.12760359	-0.13022603	0.044437885	-0.3404249	-0.20804429	-0.43365738	-0.30690485	-0.05773865	-0.10518419	-0.23754358	-0.17180188	-0.09254868	-0.060991228	-0.23291825	-0.07128167	-0.08429017	-0.09284314	0.03444907	-0.12466453	-0.21202582	-0.16755822	-0.11086865	-0.24415028	-0.03538841	-0.1765767	-0.18304566	-0.052633803	-0.060367506	0.035106577	0.15041311	0.02897034	-0.0449165	0.30927217	-0.12448057	0.10470233	-0.038324684	-0.3801343	-0.1264493	-0.3331836	-0.22727689	-0.06871492	0.2573595	-0.081669345	-0.017696608	-0.22784974	-0.16790466	-0.16269678	-0.35142815	-0.0848344	-0.035008695	-0.095279634	0.200147	-0.072863206	0.18482636	0.030330066	-0.10834926	0.19665198	-0.036229335	0.124182396	0.21066573	0.20614934	0.032472033	0.20167488	-0.18685356	0.015212047	0.1639726	0.07692091	-0.017772116	0.047795597	0.119971134	-0.11429408	0.36436555	0.13283594	-0.27081943	0.10146605	-0.07887504	-0.14425264	-0.16678602	-0.025153494	-0.07041945	0.1356651	0.006729117	0.172008	-0.12860775	0.15312375	0.1472736	0.06566293	-0.09771284	0.040800706	-0.042273324	-0.014598239	0.09399936	-0.014807896	-0.1066691	-0.08388318	-0.32749933	0.06804801	-0.13801269	-0.16577524	-0.06301514	0.070517294	0.04199964	0.10176164	0.038189266	-0.082368456	0.07076142	-0.10055101	-0.11220293	0.02640198	-0.012325328	-0.30179846	-0.010092002	0.051262837	-0.19972636	-0.03752819	-0.01707328	-0.07741054	0.010439016	0.18174496	0.022913618	-0.0169487	-0.13388216	-0.11834369	-0.119856566	0.08800071	-0.0063900044	-0.000107709864	0.041385964	0.015795715	0.051954765	0.031221248	0.30549031	-0.11837689	-0.07048748	0.014491062	0.107707195	0.43517774	0.17088456	-0.4285352	-0.14180842	-0.27633816	-0.0062177298	0.042886913	-0.086755276	-0.12706673	-0.12298717	-0.17893177	0.060681853	-0.24242133	-0.075922474	-0.021166822	-0.069618806	-0.0010119277	-0.26707736	-0.097917296	-0.053546432	0.20880972	-0.042485695	0.012025177	0.021789094	0.20828801	0.20915635	-0.37423378	-0.29736176	-0.26633132	0.10769866	0.08409236	0.042533733	0.3062346	0.11650883	0.40260452	0.2352826	0.22912408	0.08176559	-0.0526374	-0.06306101	-0.072717376	-0.06961373	-0.14690892	-0.029442422	-0.08540589	-0.18574312	-0.0050451173	-0.10335194	0.0620378	-0.05066574	-0.014970723	0.09177732	0.10841966	0.12980223	0.06293934	0.11257045	-0.10745699	0.037353173	-0.06960316	0.1456187	-0.18365857	-0.09759072	-0.20817326	-0.16334866	-0.24241877	-0.10128611	-0.06625055	0.04060869	0.055832237	-0.07641445	-0.0324642	-0.03145167	-0.03361248	-0.11499597	-0.026349993	-0.0152463885	-0.008573818	-0.0028862834	-0.19214629	-0.14529452	-0.062263686	-0.09307146	-0.067818075	-0.08513549	0.115461856	0.055421546	-0.02516774	0.24027991	0.12580884	-0.117160685	0.08513608	-0.15532802	0.124419525	-0.24277961	-0.17317823	-0.027359296	0.047238857	0.005111686	0.05277426	0.014308951	-0.16298552	0.008552627	0.093780525	0.0116377305	-0.15410383	0.08806921	0.0538583	0.15510581	0.1546743	-0.0144556165	-0.18185818	-0.3196216	-0.15255404	-0.34711614	-0.16413444	-0.11013617	-0.15017591	-0.24736217	-0.1661517	0.0012170088	0.13087489	0.05163208	-0.046410296	0.2943271	-0.22098245	-0.319119	-0.29829305	-0.0035150484	0.2099913	0.03158846	0.25033695	0.39493388	-0.027324764	0.4402505	0.15994892	0.19514368	0.21949007	0.28253514	0.24072519	0.4560434	0.25443238	0.26593366	0.27801728	0.34208715	0.18966694	0.29699194	0.0016095474	0.2843842	0.18223445	0.1649061	0.40067598	0.38617638	0.023602054	-0.04358875	-0.2663574	0.41332	0.5056199	-0.050707396	0.058116797	-0.0136322435	0.22816761	0.40519074	0.2518703	-0.076582715	-0.005053466	0.02390297	0.1711764	0.20549613	0.20406458	-0.42392132	0.13685897	0.23164327	-0.2334116	-0.50407416	0.18625078	-0.03292087	-0.29974574	0.06276758	0.05699802	0.13453016	-0.19990517	0.09639942	0.30773738	-0.20437026	0.34682932	0.1772037	-0.059700083	-0.23957685	-0.02496807	0.3341458	0.117370866	-0.18772686	0.011230028	0.051255263	-0.14995736	0.22088024	-0.20713885	-0.4432385	-0.38910884	-0.4414628	0.025796471	-0.20977858	-0.39211103	-0.53438455	-0.3782717	-0.34323224	-0.2703829	-0.19250515	-0.056121156	0.025727637	-0.045372482	-0.023540217	0.07148855	-0.33600864	-0.19264156	0.229437	-0.12900305	-0.032700405	0.11809246	0.21000421	0.38009968	-0.22879182	-0.20592949	-0.20649211	0.15132794	0.22480069	0.4070672	0.511442	-0.21435909	-0.027578423	0.58770496	0.47282586	0.4332034	0.22894566	0.13242257	0.28573796	0.32690686	0.19595921	0.39988363	-0.044297826	0.08320548	0.16568707	0.23427111	0.23140116	0.2963968	0.22748259	0.18463075	0.3352629	0.33688626	0.32370228	0.23201562	0.32467186	0.2982895	0.17012303	0.3221192	-0.10718327	-0.09639449	0.046168275	0.038996715	-0.38221177	-0.014169857	-0.14853293	0.3541623	0.38602993	-0.35966918	0.15992635	0.103580296	0.35019076	0.26268414	0.11842942	0.21012184	0.23080099	0.20575583	0.1852968	-0.24091266	0.21804444	-0.06696347	-0.18544762	-0.49129122	0.28832456	0.28481933	0.0029283317	0.093721405	0.018366165	-0.30653206	-0.3262022	-0.084397934	-0.17662954	-0.29997054	-0.010872154	-0.37723503	0.32281238	-0.14217244	0.3756193	0.018203216	-0.12525655	-0.13270856	0.31455374	-0.13332066	-0.1827089	-0.22287363	-0.08529697	0.21385896	-0.1661754	-0.027416352	-0.4536107	-0.53672045	-0.45470327	-0.50805515	-0.30069742	-0.32548836	-0.47394207	-0.23151034	-0.28152278	-0.2777279	0.0143991485	0.10939232	-0.256617	0.28418988	-0.25578406	-0.25775638	-0.34065315	0.17548504	0.34608597	0.06980789	0.53371745	0.19428879	0.44900253	0.2788728	0.38306496	0.27944738	0.42691377	-0.038671855	0.19005327	0.24341021	-0.0433321	-0.016256524	-0.13843453	-0.08915643	-0.0324175	0.19733328	0.041447964	0.09151798	0.26457417	0.329182	0.015317328	0.07245446	0.09268872	-0.18271667	0.23022217	0.22955827	0.15018637	0.4873639	0.3156343	0.12361039	0.1336013	-0.05518844	0.12051201	-0.09014183	-0.019761292	0.2968984	0.1323021	0.25262135	-0.09733452	0.2360947	0.018044751	0.025216404	-0.33851552	0.2731444	0.12032657	-0.19264954	-0.1046822	0.04474987	0.13449033	-0.14199914	0.098544694	-0.05363398	-0.06193891	0.22696733	0.32911298	-0.09132807	-0.11388459	-0.13390325	0.050473906	-0.034240343	0.18483937	-0.043650568	0.13699436	-0.2145083	0.07575139	-0.1608929	0.03177813	-0.01951663	-0.07515191	-0.23028435	-0.4113069	-0.37064546	-0.4334283	-0.2342065	-0.32088065	-0.31186134	-0.18481284	-0.25251988	-0.14102155	-0.21519227	-0.17172194	-0.050770767	-0.35763776	-0.36679286	0.23111616	-0.14950624	-0.08909235	-0.05455131	0.019806886	0.08840312	-0.11462887	-0.12512812	-0.13939263	-0.06491798	0.021619845	0.5010434	0.32870355	-0.09227288	-0.14896575	0.046073332	0.60824573	0.377218	0.31679377	0.41987306	0.41532603	0.40346563	0.46744126	0.05569168	0.26008445	-0.047843225	0.031958234	-0.18679512	0.009409684	0.048914794	-0.12120398	0.094554424	-0.016795311	-0.067524925	-0.09384784	-0.053278774	0.29363722	0.047160976	0.16896617	-0.07471719	0.004159302	0.02065434	0.084234565	0.5118628	0.13078782	0.2493894	0.07601861	0.21397214	0.061724965	-0.006143675	-0.13939059	0.06290609	0.17659508	0.31581044	0.16846125	0.12576133	0.32299593	0.31136	0.25260592	0.16512015	0.23114412	0.21016589	0.14850208	-0.111318335	0.40405288	0.4062515	0.23543212	0.059490044	0.10300437	-0.2996581	-0.21527494	0.016800137	-0.22486176	-0.102077015	0.06749264	-0.13088426	0.394059	-0.14583266	0.39217877	0.29938132	0.16962206	-0.23229845	0.14069302	-0.16003823	0.09810945	-0.17306495	0.09385153	0.072731555	-0.11131107	0.2077203	-0.18950985	-0.0028102116	-0.05423331	-0.10952471	-0.0374082	-0.19054507	-0.3441528	-0.101795785	-0.0068232506	-0.21246852	-0.15040538	-0.014638071	-0.25062913	0.20017363	0.029031202	-0.075442925	-0.096106164	-0.0047629415	0.015267611	-0.00923844	0.2036403	0.40023825	0.66560495	0.58686614	0.60233533	0.46068695	0.02600811	-0.08146391	0.028144743	-0.26844072	0.05879365	-0.10498567	-0.107889235	0.03978892	0.26791257	0.2929511	0.4684389	0.10446647	0.24226484	0.10632132	0.14364676	0.0035141301	0.20541444	0.22133929	0.09765387	0.06986147	0.043049477	0.027367894	-0.027609296	-0.0073950063	-0.11259607	0.0054403334	-0.08645605	-0.10382981	0.38409927	0.20330395	0.043092392	0.0004965134	0.13484348	-0.17384401	-0.024782117	-0.18351868	0.1681387	0.16154262	0.008785291	-0.1019167	0.08571987	0.1786851	0.23261595	0.31219617	0.05994262	-0.18329659	0.0012371239	0.06083023	-0.12397358	-0.17941433	-0.015565935	-0.06800709	-0.25176123	0.1925927	-0.02999993	-0.03239705	-0.41365287	-0.16134503	-0.2464406	0.20494923	-0.20783871	0.052063648	-0.1420054	-0.30114472	-0.011335089	-0.05988931	-0.23088571	0.18606289	-0.25586274	0.2639625	0.13727053	0.019526048	0.20472698	0.070526525	0.07399852	0.011105916	-0.1820402	-0.0017352477	-0.0033398983	0.117811374	0.09058071	-0.09599658	-0.060416397	0.057558753	0.6637948	0.564546	0.06507092	0.17974259	0.45304194	-0.00851777	-0.30368224	-0.35041857	-0.21869709	0.08258902	0.45473945	0.57691914	0.5160418	0.4819567	0.43325314	0.32019237	-0.05306324	0.093314566	0.13426054	0.16166419	-0.04361782	-0.09806944	-0.054223724	0.004019741	-0.120407805	-0.014653203	0.022979222	0.081582665	0.040763494	0.4772592	0.27360123	-0.078534186	0.020650757	0.12519729	-0.080267616	0.09404248	0.14060906	-0.13176122	-0.13572018	-0.20486465	0.049182102	0.044367157	-0.1398731	-0.11643952	-0.07649427	0.05020175	0.15043543	0.39854774	0.27043694	0.20712337	0.016800089	0.19285607	-0.012142209	0.02315381	-0.045913044	-0.13115297	-0.23948547	0.22444755	0.18414012	0.12821275	-0.09516342	0.14635552	0.18360884	-0.33993763	0.3341908	-0.093890734	0.19678874	0.36010477	-0.26608288	0.0636982	-0.13379335	0.044948395	0.111682214	0.08023387	0.22600158	-0.08898623	-0.22120783	-0.19276622	-0.37242237	-0.28328207	-0.16448101	-0.325795	-0.072574966	-0.17351668	0.11290598	-0.19776098	0.072872646	0.17364058	-0.15843055	0.0094692	0.33270493	0.09025717	0.0621504	0.058138777	0.22371534	-0.114432566	-0.01624402	0.08084222	0.6544589	0.59093463	0.20343265	0.16586109	0.0110072	0.032192614	0.4985045	0.67617005	0.5832754	0.6735767	0.1610893	0.16455857	0.24930726	0.0646206	0.072481036	-0.032544594	-0.11224655	0.14848356	0.23166227	0.2121959	0.25404817	0.31320292	0.4466604	0.28741464	0.042298056	0.01581162	0.04354373	0.31708673	0.31805798	-0.08617519	-0.023254637	-0.13588764	-0.014647267	0.07991892	-0.10348944	-0.23648061	-0.25013137	-0.037913684	0.3471235	0.2247746	0.25721014	-0.25537148	0.26830736	0.02192857	-0.0066758585	-0.33829185	0.32436377	0.105028234	-0.1724979	0.004480517	0.029114164	0.11382021	-0.01304147	0.24033172	0.14931561	-0.3001461	0.11840423	-0.012881328	-0.24310012	-0.17046602	-0.0796063	0.119000964	-0.15037507	0.14652006	-0.019790195	0.16631623	-0.23730044	0.0855971	-0.18623292	-0.18688558	-0.42733788	-0.20192781	-0.13205178	-0.5294773	-0.41153303	-0.37728432	-0.56542945	-0.22201844	-0.39321837	-0.12625004	-0.06312999	0.057989173	0.007300078	-0.06627922	0.13648975	-0.31926143	-0.29471493	0.25174633	-0.020958241	0.07016034	-0.0074584116	0.16816522	0.20061773	-0.2819437	0.030114548	0.07085467	0.095628045	0.26137245	0.7031837	0.29078457	-0.18606932	-0.15472859	0.29404935	0.46642694	0.8455407	0.6830837	0.6696464	0.6852659	0.6107097	0.4769383	0.12362683	0.26572675	0.15585722	0.22763193	-0.07659968	0.074096315	0.081215695	-0.03273672	-0.11972123	-0.02356841	0.10711539	0.16673766	0.1022147	0.3982519	0.22257589	0.2902167	0.14037545	0.011013995	-0.03366523	0.09158888	0.09048349	-0.2998642	-0.0675742	-0.23231846	0.189777	0.14293447	-0.31174633	-0.18037537	0.037398826	0.30980855	0.28350118	0.3715547	0.39293328	0.4622137	0.30859047	0.32149127	-0.05445923	0.24882877	0.13102669	-0.004819283	-0.18284003	0.42948797	0.47140327	0.2785443	0.020563954	0.11317844	-0.1685685	-0.3874311	0.12796678	-0.18672486	-0.05133393	0.14114039	-0.39628673	0.21757874	-0.28457838	0.35805237	0.09217709	0.076903954	-0.06526279	0.20466927	-0.19186042	-0.05342744	-0.25681576	-0.15492027	0.032783914	-0.22443393	0.11009859	-0.3787493	-0.2766232	-0.4404211	-0.25243863	-0.08822989	-0.38142982	-0.448584	-0.0016409501	-0.008766241	-0.20943691	-0.09726012	0.08681069	-0.23071155	0.19779865	-0.038666427	0.04008684	-0.07158714	0.16882753	0.2730275	0.061342113	0.46514603	0.7598691	0.56113935	0.4742964	0.07361009	-2.3984056e-05	0.17501518	-0.16379869	0.06473952	-0.10682317	-0.19419399	0.04223335	0.31520504	0.39264303	0.55767816	0.2462892	0.34241036	0.26710668	0.077360906	0.0013015054	0.16990727	0.26682198	0.1633029	0.117189944	0.06491277	0.101821825	-0.111544795	0.021828504	-0.13675584	-0.17704225	-0.25579554	-0.11911598	0.4949473	0.4442092	0.10285296	-0.089101404	0.22969103	-0.14937952	-0.06521273	-0.2883222	0.31532988	0.28943372	-0.07276438	-0.058368664	0.037090663	0.13331266	0.12131894	0.29432896	0.12656684	-0.06437431	0.011154766	0.14875165	-0.25627598	-0.28013894	-0.11656542	-0.15248026	-0.24634308	0.33119175	-0.011597403	-0.06312	-0.27666846	-0.08555903	-0.34633023	0.14117718	-0.38425258	0.055983666	-0.15907176	-0.3366548	-0.04373463	0.0057493146	-0.2781218	0.23909436	-0.31242442	0.3113379	0.11671791	0.010263334	0.22626977	0.04128094	-0.0066619017	-0.08729106	-0.12803254	0.07472313	-0.04210408	0.068574384	0.0424565	-0.15049867	-0.022986952	-0.1475781	0.56686616	0.49068314	0.07702602	0.17881855	0.44760916	0.09195729	-0.43285912	-0.2689473	-0.020902405	0.13689388	0.477113	0.74187285	0.5887735	0.6351613	0.5448959	0.36307636	0.0011135009	0.13721235	0.07835001	0.2236026	-0.06324277	-0.1268313	0.029213343	0.017247895	-0.13869156	-0.09694832	0.014527074	0.20771277	0.13822602	0.5765999	0.35316685	0.20182319	0.2553877	0.061466686	-0.15126775	0.19153431	0.13713787	-0.22585908	-0.048431672	-0.18505237	0.115063526	0.11476246	-0.293202	-0.105223455	-0.047529154	0.24715514	0.24664484	0.57985866	0.36364302	0.33919877	0.12790106	0.16942592	-0.026329536	0.026092686	0.006976042	-0.11815921	-0.3255545	0.37760866	0.34806007	0.24705346	-0.10426436	0.11636985	0.21606645	-0.35335997	0.3565192	-0.170917	0.25451428	0.25609514	-0.24638872	0.15300411	-0.28813764	0.17704672	0.13569808	0.10717943	0.1898389	0.087346226	-0.19006976	-0.16475075	-0.37444055	-0.23707323	-0.1373268	-0.36201853	-0.058225237	-0.3446877	0.06254541	-0.23520873	0.043262117	0.07789881	-0.20242468	-0.006691095	0.36973587	0.12608299	0.0575056	0.037146375	0.1790099	-0.075560965	0.09476205	-0.055572055	0.51927876	0.39651906	0.14952837	0.29073176	0.06880089	0.12851624	0.7201465	0.5620273	0.0122593455	-0.0051389635	0.115245596	-0.22695619	-0.056971066	-0.22615276	-0.22620954	0.030134963	0.38030234	0.3089195	0.41911393	0.3933107	0.25492388	0.20753765	0.16083029	0.042662233	0.10838086	0.24691038	0.2211994	0.12164783	0.09819105	-0.031809244	0.023921164	0.053848013	-0.15669666	-0.13700387	-0.32514685	-0.006807649	0.51918083	0.49774033	0.24349521	-0.0007123407	0.3169331	-0.13008974	0.08195562	-0.19957304	0.37239093	0.28631324	-0.09313768	-0.15093598	-0.020240879	0.1024262	-0.017632691	0.23093295	0.092331655	-0.17209381	0.13714497	0.1957451	-0.17770162	-0.20473088	-0.25795546	-0.058180247	-0.35231978	0.3487914	-0.08388097	0.038553663	-0.26042318	-0.12217549	-0.25601986	0.117241256	-0.23848927	-0.04151856	-0.23560962	-0.4575559	-0.23330234	-0.17544943	-0.34235772	0.037550848	-0.41227674	0.06815296	-0.033667505	-0.054485884	0.0546906	-0.069095924	-0.029387979	-0.18805867	-0.24601932	0.11029857	-0.14295755	0.0719273	-0.04468088	-0.07503751	-0.028351426	-0.110387936	0.35185948	0.2964878	-0.049772605	0.08907796	0.4924628	0.122366875	-0.44065264	-0.2901795	0.057018153	0.28429976	0.6174652	0.77065015	0.6880778	0.7854364	0.6667671	0.52996355	-0.040316038	0.21487537	0.07681983	0.111479804	-0.13613921	-0.17982808	-0.07347872	-0.16697954	-0.1770506	-0.15428966	-0.020348953	0.21665011	0.041950192	0.5003289	0.1949518	0.25500843	0.18803382	0.11271078	-0.09733294	0.19551332	0.2609643	-0.08723636	0.0064408095	-0.13305391	0.1964831	0.06635863	-0.13436842	-0.19539614	-0.10908869	0.2483358	0.27376136	0.45552462	0.34257764	0.41586402	0.17797592	0.28170964	0.13739893	-0.0059283054	0.1956614	0.036221273	-0.112789676	0.35676745	0.4121731	0.2700811	-0.13194245	0.08186086	-0.007054439	-0.33503962	0.20359841	-0.15819634	0.17335819	0.21826127	-0.2959086	0.2387664	-0.25054285	0.2741332	0.090052746	0.1527738	0.0019158778	0.011259606	-0.14471248	0.014484096	-0.27396265	-0.23340434	-0.13582255	-0.29913053	0.0072810706	-0.28014526	-0.0026947008	-0.20794234	-0.07767795	0.03723856	-0.24169433	-0.18972704	0.1854103	0.07293065	-0.0633366	-0.10676898	0.080656946	-0.1269348	0.09237695	0.060155734	0.35480997	0.2802481	0.16290626	0.17993888	-0.058864217	0.11103845	0.59820396	0.0027206019	-0.022296535	0.04272985	-0.117162295	-0.0022619045	-0.08614574	-0.09240155	0.11780182	0.23245934	0.19777817	0.2861028	0.22441232	0.17305931	0.12679316	0.107290514	-0.028810607	0.14545287	0.24494438	0.25521952	-0.0021753632	-0.0402327	-0.2362966	0.08841647	0.07491109	-0.03280136	0.011238714	-0.20336342	0.010038456	0.30525473	0.22869681	0.09421325	0.014333701	0.17408654	-0.06371159	0.021320948	-0.17747489	0.15083131	0.14281859	-0.0032563454	0.019042592	-0.08925455	0.10093604	0.03798353	0.14177762	0.22213535	-0.21946628	0.23043829	0.08342022	-0.009018853	-0.15710387	-0.24927953	-0.08459715	-0.3260614	0.20308031	-0.004314713	0.057732876	-0.1888162	-0.13661185	-0.23864387	0.10777762	-0.10912802	-0.105812676	-0.16821872	-0.21174161	-0.26316914	-0.26208106	-0.2591515	0.037517473	-0.22130623	0.018445216	-0.14585996	-0.09686476	-0.028635902	-0.07011902	0.2057272	-0.16212076	-0.17723933	-0.039802726	-0.16641079	-0.042168543	0.06849964	-0.14554052	-0.07579087	0.037257	0.44203478	0.2508586	-0.046322785	0.03633989	0.46287185	0.10869403	-0.24544285	-0.16718338	0.11050153	0.36726514	0.61922747	0.6848034	0.56519324	0.68129134	0.7581656	0.39453286	-0.028416304	0.18567327	0.104369216	0.109434925	-0.06915859	-0.017536845	0.05695777	-0.15767118	-0.05125415	-0.038333345	0.11575617	0.17575186	-0.022238975	0.3784719	0.1612757	0.09225751	-0.02092053	0.077509314	-0.0029433519	0.07265181	0.2001121	-0.017325697	-0.073202014	-0.16120109	0.110270895	0.029720912	-0.088474594	-0.06256589	-0.18922585	0.13253005	0.04728873	0.1963562	0.223767	0.24089499	0.0522739	0.24420442	0.06563875	0.040151864	0.11138776	-0.048840642	-0.17208062	0.26999095	0.2237567	0.12215372	-0.06252062	0.028504333	0.03799118	-0.32087445	0.037875347	-0.18883163	0.06494962	0.17038688	-0.3191204	0.15048069	-0.20053479	0.15666007	-0.11219713	0.094575025	-0.04443295	0.06580609	-0.104280196	0.033105187	-0.18629138	-0.2717867	-0.05446745	-0.29409647	-0.1281811	-0.161917	-0.10028681	-0.21302561	-0.13255677	0.083718106	-0.09153175	-0.22350809	0.10992771	0.106303334	-0.14208107	-0.08959945	0.023804156	-0.1524261	-0.07802417	0.15813959	0.45528677	0.2626074	0.18558146	0.07604856	-0.07701852	0.15759455	0.0473477	0.06373804	0.115168855	-0.095684424	-0.047479443	-0.060518995	-0.27131942	-0.016663877	0.121917196	0.114296034	0.25582743	0.29396385	0.42797297	0.17504029	0.010827372	-0.018251194	0.08261842	0.26633435	0.2819005	-0.0027929405	0.08662345	-0.1937751	0.008501134	0.010018189	-0.046188395	-0.031323276	-0.23066013	0.054383587	0.37268198	0.18465807	0.16187005	-0.01365991	0.24806675	0.016331423	0.083572246	-0.1923602	0.23582694	0.023752542	-0.13967966	-0.097514205	-0.05192584	0.11655389	0.052679047	0.12440387	0.20899208	-0.2208463	0.12653299	0.000806051	-0.094265886	-0.10380716	-0.1178187	-0.0013758852	-0.27632836	0.17496866	0.07275593	0.16237947	-0.18960978	-0.067808576	-0.16414197	0.07597687	-0.17573601	-0.121916145	-0.095558144	-0.36926484	-0.35729536	-0.27011418	-0.41063693	-0.17124389	-0.36444226	-0.06465633	-0.08888775	-0.003948329	-0.074643485	-0.04338935	0.30626392	-0.21888801	-0.2073397	0.064552926	-0.073705465	0.035241447	-0.120152906	-0.016978594	-0.0013257851	-0.014136419	0.09811405	0.035439868	0.07935839	0.22464727	0.63683873	0.12513776	-0.03526425	-0.14633146	0.084229425	0.5149893	0.6199215	0.51553875	0.71260554	0.54021585	0.63415074	0.37992465	0.01043835	0.24387822	0.051811017	0.09996348	-0.04163131	-0.06533377	-0.0006706199	-0.09605116	-0.21119897	-0.17842832	0.01586767	0.07480472	-0.047287628	0.38715708	0.1450453	0.24417385	0.007905622	0.008634365	-0.12718332	0.12762466	0.111961596	-0.06988814	-0.10948297	-0.18800817	0.14541826	0.09066966	-0.20434435	-0.113354065	-0.08851014	0.28921184	0.13741991	0.33984336	0.27645162	0.42912003	0.24933895	0.2547867	-0.017733902	0.12446279	0.17478123	0.015098915	-0.18016586	0.2959107	0.3397619	0.20992348	-0.021054424	0.059432898	-0.058344003	-0.40549242	0.100718886	-0.07689733	0.059587296	0.2300817	-0.2908773	0.13834703	-0.26802608	0.2349887	-0.017886039	0.13775982	-0.021704437	0.15638028	-0.17045552	0.011031122	-0.23442908	-0.25694692	-0.07666395	-0.27314433	-0.007064727	-0.31803188	-0.07063573	-0.28859213	-0.043019705	0.059275527	-0.27370226	-0.30560088	0.024418058	0.122524425	-0.18616195	-0.08135438	0.007991892	-0.14549749	0.028126119	0.15003118	0.16080888	0.09797575	0.11333801	0.18270633	0.089931324	0.26373023	0.24058457	0.090499625	0.36998966	0.5484916	0.40887436	0.4437684	0.40155363	0.03340543	0.42062944	0.21110263	-0.11975414	0.39692178	0.578468	-0.24106154	-0.24693626	0.28708515	0.33711004	0.4073666	0.1564464	0.038174547	-0.079158284	-0.008296711	0.10753731	0.03197588	-0.032383855	0.014587166	-0.0028070444	0.10210531	0.1439572	0.08006639	-0.20169221	-0.05227608	0.19825648	-0.08478619	-0.2370475	0.016451899	-0.048575807	-0.35742152	-0.27305314	0.072835386	0.09115755	0.029301187	0.19082245	0.31582093	-0.26067314	-0.040895864	-0.025235124	0.01113974	-0.28044745	0.06811892	0.3257242	0.08126277	-0.06227418	0.05659522	-0.18671061	-0.12999614	-0.08773538	-0.24535362	-0.36319503	-0.27186275	-0.16689076	0.123673484	0.06476264	-0.057968687	-0.14689125	-0.15474162	-0.1659103	-0.12154064	0.010092376	0.12012378	0.27288586	0.1770615	0.104871824	0.2613574	-0.040034913	0.09241916	0.047473487	0.1304271	-0.028284397	0.05901719	0.07070374	0.1609784	0.03850168	-0.045963008	0.06755364	0.18883054	0.3071822	0.057593595	0.007508699	-0.19941029	-0.31082702	0.11484019	-0.12880121	0.15504926	0.10828144	-0.034538798	0.07513074	0.090111025	0.10080289	0.39642036	-0.2326712	0.70370334	0.32206967	0.20733891	0.39948767	0.22575095	0.52554506	0.3272019	0.44268298	0.32311043	0.3214743	0.28480157	0.25446153	0.5049339	-0.019674249	0.26176628	-0.23902532	0.17596863	0.16406028	0.072893396	-0.20414405	-0.12777393	-0.17848115	0.28180343	0.25907835	-0.30799273	0.19781123	0.30924794	0.37903467	0.26444057	0.061812412	0.25867286	0.07564149	0.214099	0.5468564	-0.16732429	0.30935422	-0.14991172	-0.28044057	-0.39941692	-0.012349354	-0.0036320167	-0.05430416	-0.33711684	-0.22077304	-0.29038382	-0.45975837	0.1428364	-0.2601191	0.07592471	0.11985487	-0.47175506	0.1363163	0.097511716	0.1200839	-0.020651575	0.13435008	-0.072264045	0.14863038	-0.36012435	-0.30707803	-0.2902919	-0.22805394	-0.08906916	-0.35738605	0.033320673	-0.3376551	-0.3889351	-0.40849093	-0.29935518	-0.3078274	-0.2842215	-0.23870498	-0.059133887	-0.048219148	-0.2093997	-0.007517716	0.13946763	-0.2647427	-0.013268293	-0.18251617	-0.05706239	-0.072923094	0.19002533	0.16834144	-0.008726289	0.34873572	0.5078965	0.381592	0.44116348	0.57739735	0.052972946	0.03234854	-0.106886156	0.20033696	0.043605328	0.14524114	0.17917414	0.53501767	0.094836466	0.22108577	-0.23400618	0.18056194	0.3277411	0.031489566	0.24006255	-0.04703204	0.4350624	0.68720454	0.7226966	0.4002556	0.30503666	0.17647052	-0.046224747	0.21143532	-0.07047084	-0.36278385	0.08553912	0.35533428	-0.20931247	-0.4150903	-0.024042023	-0.14473556	0.008406393	0.071732536	-0.12828691	-0.10529934	-0.21874906	-0.20694289	0.1599746	-0.19935149	0.39511183	0.36237955	0.11135834	-0.30400532	-0.13551523	0.28158662	-0.026704721	-0.18917246	-0.046094157	-0.1607375	-0.033694286	0.016712084	-0.17636634	-0.3291517	-0.23464157	-0.35817036	-0.06317131	-0.08998086	-0.21818486	-0.38142085	-0.23930869	-0.18808313	-0.15388282	-0.119687356	-0.058644	-0.1520475	-0.148949	-0.13652474	-0.08248558	-0.21746916	-0.10870465	0.0020421436	-0.13072321	0.11293386	0.012206222	0.06013687	0.035247955	0.051901475	-0.20584248	-0.25985816	-0.01021799	-0.04726949	0.18900585	0.4497483	-0.14082892	0.107806295	0.3534622	0.22310884	0.23081313	-0.04444628	-0.09469772	0.094373755	0.0786036	0.12310616	0.7293224	-0.016014904	0.056892294	0.11423144	0.58190733	0.15257788	0.50082666	0.32958525	0.07215421	0.10679821	0.016936742	0.22853409	0.13175173	0.16358677	0.2913514	0.12904608	0.4062275	0.030490745	0.0028512648	0.043244407	0.08573093	-0.18248986	0.10762582	0.20840526	0.49612486	0.5824992	-0.16397518	0.46068513	0.35946074	0.3982991	0.22848327	-0.10580514	0.05289537	0.08835124	0.2009775	0.07385325	-0.16271852	0.069816515	-0.13783339	-0.23326121	-0.45050275	0.043166023	0.088571936	-0.14480965	-0.018830588	-0.019353518	-0.25436068	-0.35682684	-0.23515284	-0.010268015	-0.18930328	-0.06158017	-0.34440118	0.39929536	0.12096018	0.16530785	-0.22164851	-0.15987164	-0.15632096	0.11240727	-0.26901406	-0.17505264	-0.21734872	-0.21246696	0.017409552	-0.22530903	-0.21019936	-0.33345205	-0.3519392	-0.38859612	-0.44687426	-0.28608984	-0.22695799	-0.28831616	-0.21437715	-0.23704828	-0.28969574	-0.07960428	-0.120935194	-0.30075726	-0.102021925	-0.18952964	-0.23261388	-0.15641585	-0.1122582	-0.03138221	-0.12815647	0.20001832	0.58833236	0.2753803	0.30306464	0.01123369	0.2706297	0.16263667	0.22171445	0.32582384	0.30252913	0.30956838	0.26262686	0.41518483	0.61684537	-0.15044202	0.05537094	0.06307332	-0.044678513	0.16839093	0.08238927	0.0021925468	0.15501082	0.2791175	0.18276022	0.056554116	-0.07089205	0.016695762	0.14283258	0.10024765	-0.27484202	0.21606386	0.31451118	-0.09441131	-0.39939478	0.06759927	0.07507898	0.0230806	0.078432515	0.01037957	0.036939017	-0.12008084	-0.06880537	0.19211987	-0.2298407	0.15533803	0.18174148	-0.1159497	-0.1745697	0.114936575	0.07479948	0.01459425	0.07755103	-0.013988916	-0.043240894	-0.037754413	-0.00155023	-0.0838256	-0.24453016	-0.29981107	-0.1326435	-0.17463502	-0.29503545	-0.30559155	-0.2030704	-0.4176198	0.009917651	-0.32081446	0.086896434	-0.06447197	-0.014582488	-0.08726282	-0.23629032	-0.16664875	-0.27229157	-0.09912082	0.15319069	-0.046214126	0.015380686	0.13810837	0.23458043	0.20415883	-0.1778594	-0.037853073	0.06937969	-0.0026439913	-0.016116269	0.21423218	0.2987013	-0.085468546	0.16676177	0.34747344	0.30695224	0.29389685	0.24100506	0.07999198	0.23991252	0.1472044	0.25282183	0.30240956	0.5803998	0.057190362	0.50376236	0.1678583	0.4139741	0.43416727	0.11451138	-0.05175285	0.0989418	0.13547127	0.09947134	0.023424804	0.27144215	0.23663265	0.2797469	0.18134946	0.455566	0.09115161	-0.09662855	0.16513474	-0.06498725	0.24473684	0.2823357	0.12564147	0.20171593	-0.14379534	0.21700908	0.2552699	0.29677844	0.2737785	0.122624256	0.077804394	0.14915784	0.19952823	0.043659057	-0.16369067	0.20372505	-0.023445407	0.080159105	-0.25170684	0.20944087	0.21747123	0.0964478	-0.023921028	-0.015964575	-0.118309416	-0.31926107	0.023402926	-0.2121233	-0.05475521	-0.065444075	-0.116558045	0.3045773	-0.091552764	0.31841153	-0.02046251	-0.1297951	-0.20469849	0.37711695	-0.24247056	0.00918024	-0.07109115	0.006789019	0.14748657	-0.16947718	-0.09707759	-0.26501375	-0.25089636	-0.38658282	-0.18184768	-0.3954147	-0.17970802	-0.31843844	0.089131266	-0.1300637	-0.3148233	-0.25258064	-0.080215886	-0.23622468	0.066159725	-0.25428978	-0.0064067943	-0.008369916	-0.21074864	-0.040438917	-0.18068463	0.17500797	0.44992653	0.6410106	0.41217032	0.5534509	-0.20452634	0.12825452	0.05983028	-0.14346653	0.24129851	0.28033033	-0.04151052	0.28287175	-0.1688437	0.042486675	-0.024422579	-0.034000333	0.08041096	0.08341176	-0.101354025	0.06275947	0.22963427	0.1424412	0.3767166	-0.19184187	-0.35129023	-0.09073916	-0.091950215	-0.40423918	-0.10084499	0.39362574	-0.28359073	-0.20855604	-0.23388724	-0.18636304	-0.064632215	0.052610535	0.031218458	0.07283497	-0.06576671	-0.1727575	0.35806677	-0.12951358	0.011409846	-0.052010503	0.034151692	-0.18392304	0.2929984	0.2672762	0.3606935	-0.23683183	0.21114056	-0.15454325	0.25426736	0.04892304	0.00021198134	-0.45705432	-0.25866115	-0.18576567	0.1442519	0.1735594	-0.095824316	-0.07742	-0.14997174	-0.023324557	-0.009910616	0.009988577	-0.04030374	0.23279865	-0.009792474	-0.07184169	0.0054016532	-0.09790163	0.22460064	-0.011617279	0.08618979	-0.17172171	0.19378892	0.27877903	0.26637968	-0.22671568	-0.2426593	-0.0710464	0.2191436	0.05048541	-0.1000985	0.07538841	0.103765815	0.1934803	0.31892028	0.10960975	0.081487715	-0.03808166	-0.17541538	-0.0351364	-0.0254011	-0.04957176	0.27985764	0.22572123	0.34599102	0.5226968	0.18562329	0.710712	0.41987833	0.43935063	0.26916274	0.44832894	0.4221642	0.131153	0.1331035	-0.004984786	0.26925406	-0.0041934606	0.06624997	0.018951006	-0.005065571	-0.31702796	0.0720101	-0.07754978	0.0026673495	0.18120176	0.010724994	0.15516832	-0.1607554	0.36233363	0.36362466	0.12240245	0.044580188	-0.24327461	-0.19109026	-0.2006288	-0.03134571	0.027167745	-0.40700898	0.14516163	-0.3129452	-0.17676373	-0.3188753	-0.11946954	-0.1808365	-0.23424177	-0.18128948	-0.23792413	-0.19681151	-0.19169348	-0.05194869	-0.21666133	-0.14226688	-0.17418994	-0.10938995	0.09991037	0.064982995	0.079625666	-0.16712151	-0.29367644	-0.14238793	0.3616492	-0.23751542	-0.21995857	0.017798973	0.09124793	0.111605875	-0.112328626	-0.27916542	-0.21431272	-0.42350113	-0.31284046	-0.35182905	-0.50700396	-0.08623718	-0.23260725	-0.17087789	-0.3026004	-0.35185686	-0.18451093	0.003916552	-0.1641857	-0.03643939	-0.34030795	-0.17982924	-0.20409673	-0.15143865	-0.009776684	-0.07527448	0.29611096	0.59462017	0.5566528	0.50140315	-0.07521028	0.23562394	0.12781842	-0.27042413	0.28385568	0.47806802	-0.1228976	-0.10174696	0.035148527	0.15275992	0.32048786	0.09705914	0.053857613	-0.09100192	0.023234839	0.2575009	0.40933344	0.32107157	0.19882493	-0.08769104	-0.11299104	-0.032523844	-0.19426695	-0.2436694	-0.22414431	0.13616575	-0.28075677	-0.23171273	-0.24638258	-0.23210861	-0.12256887	0.07057827	0.1195445	0.050954618	0.029480781	0.07452956	0.25915462	-0.14666677	0.096230716	0.09127824	0.037525866	-0.30999064	0.07347799	0.09770554	-0.008736436	-0.25130284	0.088439554	-0.15247172	0.08942882	-0.0706681	-0.15630281	-0.35046023	-0.16351476	-0.28997836	0.23786762	0.24071752	-0.1002337	-0.14457434	-0.07040349	-0.06423576	-0.023243565	0.012944529	0.0939785	0.11669349	0.11370747	0.021573424	0.22854814	-0.08318786	0.093001835	-0.09782389	0.10589043	-0.0979872	0.27397892	0.123925254	0.08271007	0.057119686	-0.038888272	0.06804863	0.21727173	0.21770693	0.08153149	0.10308226	-0.07634324	-0.069318995	0.32590115	0.052585606	0.15019226	0.028085455	-0.15012038	0.15190212	0.08217015	0.15606835	0.53293204	-0.064554505	0.51320213	0.4376172	0.5004089	0.5933769	0.6648352	0.5841976	0.58925885	0.5914669	0.4999707	0.18099469	0.16687508	0.20925741	0.47938204	-0.08463456	0.24580573	-0.07871646	0.12999111	0.024609393	0.21368244	-0.11174759	-0.023686038	0.14313497	0.19373383	0.39180925	-0.015638992	0.67427707	0.37885037	0.2846944	0.085933544	-0.05953623	0.06938106	-0.097909324	-0.041450508	0.43389004	-0.22905995	0.21002431	-0.28033894	-0.3466456	-0.38903657	-0.15487367	-0.21659449	-0.3452496	-0.16879825	-0.111477315	-0.2259673	-0.43728235	0.030069254	-0.2164725	0.05147743	-0.015597539	-0.3111714	0.15562315	0.12303088	-0.10338888	-0.31848407	-0.18519682	-0.133534	0.0061357	-0.28835738	-0.27868757	-0.21188201	-0.23580621	-0.051477578	-0.29719433	-0.27889836	-0.28255323	-0.35768524	-0.3137111	-0.37708944	-0.29019845	-0.19545366	-0.23769915	-0.17041844	-0.22156076	-0.35027868	-0.1013033	0.08964412	-0.28723773	-0.18674834	-0.09039075	-0.10012993	0.0062106494	0.019316083	-0.005213323	-0.010639875	0.279183	0.5660429	0.51094925	-0.30799335	0.22381215	0.018238386	-0.28741816	0.18125308	0.4866929	-0.05446442	0.09711691	-0.14015158	0.23517922	0.285522	0.0640898	0.102427624	0.054895364	0.28220472	0.51675296	0.5925149	0.29130435	0.5575763	-0.14209263	-0.33426052	0.05704623	-0.2622754	-0.49867213	-0.2136836	0.32995397	-0.4507769	-0.25969902	-0.36219698	-0.25901958	0.02208296	0.10098463	-0.06487505	0.09369351	-0.09813265	-0.3097943	0.40416408	-0.10740426	0.2675097	0.21251005	0.17292795	-0.3504884	0.10229823	0.38842443	0.2598875	-0.36608872	0.16638461	-0.33609998	0.17388044	0.06676364	-0.0932578	-0.4899117	-0.30743292	-0.38748613	0.18429424	0.2997571	-0.035532642	-0.20515653	-0.1228982	-0.052298464	-0.004042654	0.056733627	0.064998694	0.036615595	0.008604564	-0.039692078	0.09733455	0.0070897583	0.25048578	-0.14884877	-0.06672004	-0.04264197	0.29596624	0.1373917	0.15629199	-0.042273052	-0.08382439	-0.06160572	0.138526	0.05437274	-0.07402999	0.21060242	0.015116579	0.16769587	0.24842016	0.0270913	0.050251827	-0.11381224	-0.18578802	0.01875202	0.026890347	-0.084271446	0.5933442	-0.15195797	0.3841958	0.3277086	0.54076695	0.50625956	0.47052735	0.7090597	0.43926162	0.6142643	0.52434283	0.2854481	0.20012222	0.03057387	0.35977447	-0.25350335	0.2821901	-0.076308765	-0.09080607	-0.10994316	0.029301919	-0.22514151	-0.09202166	0.15762055	0.37901485	0.57110107	-0.2356913	0.5639014	0.48174265	0.13725463	0.04373616	-0.31845075	-0.21785603	-0.295039	-0.13197616	0.08844489	-0.4543229	-0.05760633	-0.4960333	-0.4750958	-0.5539008	-0.22516724	-0.32406038	-0.41479897	-0.19189724	-0.13150756	-0.21012272	-0.30392885	-0.21910143	-0.07713125	-0.14279947	-0.049142137	-0.2967829	0.26161608	0.21676974	-0.10312533	-0.39395258	-0.3197423	-0.06735586	0.1789724	-0.33620378	-0.43189937	-0.121603295	-0.21028247	-0.017978078	-0.26566422	-0.5387161	-0.3013568	-0.48550972	-0.4337897	-0.5159051	-0.45001143	-0.17895131	-0.1938499	-0.25164118	-0.29916576	-0.27691337	-0.08252786	0.025050886	-0.21503122	-0.2580971	-0.3464231	-0.07044976	-0.049040023	0.011001736	-0.035791792	-0.13151675	0.25721136	0.72025424	-0.16938168	0.1714356	0.006824734	-0.5294862	0.1296148	0.14582163	-0.053712178	-0.09727793	-0.012472164	0.18270625	0.101512775	0.021147624	-0.026343558	0.06934984	0.0071539804	0.054376896	0.08222883	0.16132866	0.26047373	-0.3166523	-0.3324044	-0.18909223	-0.24018387	-0.30686945	-0.42744908	-0.082277596	-0.37236172	-0.1437495	-0.48776835	-0.33555323	-0.105356924	-0.013094882	0.13487309	0.20069268	0.058661718	0.013336208	0.18545182	-0.05916894	0.0029767314	-0.012161495	0.10877317	-0.3115039	0.10928097	0.1558274	0.22982329	-0.35589194	0.116589084	-0.19197589	0.09653724	-0.004501395	-0.11769508	-0.4780775	-0.06259771	-0.3677822	0.2975655	0.35130873	0.0554025	-0.13036749	0.083922125	-0.10493635	0.03413227	-0.037393242	0.16287687	0.18809061	0.16860758	0.13878606	0.11994876	0.07561828	0.2230197	-0.12141078	0.037637506	-0.22337063	0.3077459	0.15855776	0.19075133	-0.12422534	-0.07933908	0.043976802	0.24669808	0.2157324	-0.20590223	-0.057587884	-0.040685248	0.009928266	0.12385678	-0.119679965	-0.062900655	-0.10916084	-0.29563326	-0.026239	-0.07734517	-0.067808226	0.19748028	-0.17193438	0.5228844	0.3822585	0.15843193	0.65908337	0.30632082	0.5236679	0.76770467	0.8934118	0.73340046	0.21146587	0.2135541	-0.029259125	0.347194	-0.45997307	0.048379943	-0.07276134	0.0626802	-0.083192214	0.17318678	-0.1363423	-0.13061726	0.015793663	0.05805238	0.18108055	0.027873954	0.38302475	0.24338453	-0.12070362	-0.1375588	-0.27323985	-0.20128198	-0.44467387	-0.32780042	0.29485777	-0.266331	-0.013733394	-0.41924667	-0.37704155	-0.3172279	-0.30437943	-0.4848059	-0.4772777	-0.087342925	-0.013580478	-0.20827124	-0.16115683	0.018174423	-0.12446374	-0.008155447	0.008290769	-0.19323264	0.06571828	0.2141524	-0.2035388	-0.18292531	-0.2480473	0.006708101	0.060910434	-0.12118698	-0.33416328	-0.042725783	0.009885534	0.0032354016	-0.20195416	-0.30429277	-0.0723662	-0.42879868	-0.19693619	-0.3981003	-0.24374631	-0.14293137	-0.120324686	-0.24731912	-0.34901145	-0.09927735	0.10163291	0.2605475	-0.08396819	-0.017081046	-0.18749376	-0.08359587	-0.010371476	0.19225422	0.089157306	0.037876476	0.27426645	-0.020226743	0.2967066	0.27797458	-0.3072835	0.2770698	0.21801929	0.14429158	0.12903155	-0.09780825	0.13752545	0.15905626	-0.05674832	-0.1259908	0.06098828	-0.16177379	-0.019618122	0.0069647045	0.004608381	0.20511866	-0.42300266	-0.2007815	-0.0045472994	-0.14930539	-0.41018435	-0.22424847	-0.032456156	-0.39848492	-0.20859517	-0.28115422	-0.18482907	-0.14835595	-0.11744818	0.15377335	0.2385779	0.0546988	-0.008345455	0.29900935	-0.14522372	-0.034258362	-0.056272645	-0.1130131	-0.4113235	0.23976962	0.13638894	0.2524873	-0.23664406	0.16977602	-0.13496399	0.052370917	-0.010578597	-0.19306336	-0.47451812	-0.318891	-0.4077443	0.31447276	0.15973982	-0.06148273	-0.13761963	-0.1287154	-0.098127976	-0.23925723	0.057517033	0.1856523	0.298347	0.22905979	0.11348132	0.27412823	0.05947474	0.29052454	0.11271954	0.010811204	-0.026652144	0.29080167	0.3304802	0.41933477	-0.25259522	-0.032110196	0.18461654	0.3662942	0.3672193	0.0022537946	0.04321214	-0.104666345	-0.008913961	0.23873883	0.12087399	0.19865899	0.16946664	0.05909414	0.21643673	0.2148273	0.06886813	0.100530855	0.14390515	0.5828136	0.61776316	0.11432292	0.6889005	0.2943409	0.44990307	0.46002457	0.77253526	0.8419531	0.28064436	0.1878729	0.24655972	0.4066399	-0.2608878	0.04049339	0.17279279	-0.060852382	-0.16693278	0.14595544	-0.24515656	-0.21877351	-0.058871653	0.059448913	0.17198656	-0.24334271	0.2927508	0.16502084	0.015334685	-0.050367046	-0.120286815	-0.052924294	-0.19995825	-0.16714215	0.3607406	-0.36277613	-0.024389442	-0.36973333	-0.38176924	-0.39480293	-0.07428155	-0.21535072	-0.30380994	-0.2801526	-0.059135687	-0.26727688	-0.3207386	0.06295272	-0.20595916	9.226949e-05	0.06833327	-0.24172316	0.0561826	-0.117408365	-0.04846157	-0.13302918	-0.2820046	-0.0253238	0.17765716	-0.2014204	-0.38230902	-0.17456546	-0.02886827	-0.03994212	-0.3073199	-0.27993563	-0.28161612	-0.4815732	-0.32732	-0.3636444	-0.35694098	-0.28633815	-0.21807855	-0.16330299	-0.30410966	-0.17884551	-0.029600726	0.23659545	-0.0566322	0.040831715	-0.2818432	0.025383297	-0.008232134	0.17549281	0.14623088	0.067237146	0.4211252	0.36871484	0.5377541	0.6131753	0.30293933	0.084547915	0.36182985	0.16056263	0.058514155	0.022356147	0.044820327	0.10208162	0.070906006	0.03509082	-0.10684756	-0.12592697	-0.17144668	-0.0678125	-0.24807453	0.22039647	0.61024356	0.43024346	0.33787096	0.12283219	0.39528087	0.033021104	0.3057129	0.038373593	0.49026066	0.26970884	0.0031174915	-0.0030105794	-0.07497415	-0.037449107	-0.074440524	0.30031177	-0.1287368	0.03902411	0.10787307	0.15872425	0.03419156	0.16693069	0.16445255	-0.15781638	-0.17199153	0.26673213	-0.18972257	0.013865437	-0.11051599	0.2547266	0.13249621	0.07286479	-0.026881928	-0.051614586	-0.41492242	-0.30623028	-0.29652798	-0.20638685	-0.20977823	-0.32472926	-0.3213767	-0.20740704	-0.16109736	-0.277607	-0.014074942	-0.32764295	-0.13014016	-0.39994666	-0.35767582	0.18737581	-0.10847965	0.24091454	0.13596436	0.07702013	-0.04045224	-0.11547137	0.052392703	0.0204945	-0.17866653	0.21632855	0.24001288	-0.004842822	-0.25479648	-0.056763917	0.107880294	0.1760737	0.31406367	0.40732148	0.20031697	0.34485242	0.22901845	0.3150262	-0.23102671	0.34682783	-0.009060421	0.12861735	-0.16068482	-0.11429031	-0.09003855	-0.31398734	-0.080202736	-0.14946057	-0.08517497	0.22451422	0.017921502	0.5080744	0.24348894	0.3829213	0.19183618	0.32708102	-0.04096289	0.16666283	0.08359468	0.015126815	0.15461263	-0.1175141	0.05023008	-0.13957289	-0.038171228	-0.18799162	-0.13413568	0.36717567	0.22093676	0.54621196	0.68491375	0.518394	0.29155716	0.28027865	0.32239434	0.26892218	0.40926123	0.20387545	0.13712996	0.43136212	0.51489204	0.35364228	0.06340395	-0.050860252	-0.2350043	-0.20631158	-0.038159117	0.016887326	0.1053893	0.0053580864	-0.124458894	0.1115594	-0.2132817	0.22044608	0.21117572	0.13354489	-0.24347258	-0.028155386	-0.18054645	0.108555146	-0.008282246	-0.18679939	0.07616103	-0.046451196	0.223187	-0.13981925	0.0069323457	-0.070463106	-0.08771946	-0.13116148	-0.1270579	-0.26348376	-0.01770977	-0.032840252	-0.27147162	-0.16362138	-0.1625449	-0.3121939	0.066599995	0.03908323	0.06461369	0.056404624	0.05688398	0.08495588	-0.25513193	0.098791696	0.6908797	0.20169659	0.56104165	0.593286	0.17366618	0.053328034	-0.06736831	0.1811264	0.064653315	0.12209846	-0.05178523	0.15538539	-0.15180781	0.12721281	-0.049282584	-0.19202937	-0.12971187	-0.22484834	0.28902125	0.49664342	0.08996155	-0.27226278	0.12751317	0.048260838	-0.29588005	-0.33945012	0.34471905	0.24311355	-0.22809568	-0.25382027	0.1475633	0.10946464	0.11523754	0.18156505	0.25128683	0.028260797	0.019279437	0.14144675	-0.16894874	-0.33124068	0.28427228	0.14505222	0.1745333	0.14487235	0.1879192	-0.15992665	-0.23050883	0.17784195	-0.25577357	-0.20643915	-0.48748383	-0.20432675	0.017794635	-0.044254053	0.018855458	0.00084469543	-0.1788714	0.13873053	-0.26794335	0.28371516	0.31410217	0.21875179	0.44794923	0.23501316	-0.007038946	-0.0061752507	0.08894689	0.2850072	-0.064880215	0.30214816	0.15827484	0.12221838	0.36204	-0.30955502	0.2476454	0.3546174	0.33793035	0.3393768	0.09257791	-0.069790445	-0.63123155	-0.35964713	0.08045966	-0.052939616	0.30570894	0.4378774	0.1321502	0.25861314	0.20675075	0.07421101	0.13293931	-0.044399865	0.33022302	0.29118964	-0.028121416	0.17698234	-0.040200304	0.3058516	0.025772998	0.27650413	0.2237582	0.7432885	0.66321534	0.6349196	0.73734367	-0.0055240784	0.5304124	0.1027156	-0.24720953	-0.04689308	-0.0998184	-0.38206172	-0.16854084	-0.3410373	0.18996061	0.16515248	-0.4462926	-0.053801987	-0.020902397	0.25534365	0.12588337	0.35057604	0.48887756	0.14935206	0.085458316	0.26393273	-0.13011163	0.01138105	-0.23619562	-0.2479956	-0.52088666	0.2876094	0.30833238	0.09962692	-0.33053324	-0.18603994	-0.018477645	-0.42824578	0.1945387	-0.09849387	0.23203842	0.088302046	-0.33173457	0.08381676	-0.30451596	0.18225801	0.25542292	-0.088541895	0.18771107	0.087645	-0.23007812	-0.41254988	-0.36386174	-0.2329874	-0.06273954	-0.3223686	-0.0940335	-0.40492344	-0.23899688	-0.32197765	-0.23376653	-0.1413338	-0.13219622	-0.021409847	0.22200356	-0.04026914	-0.0064425287	0.17083536	0.20435224	-0.18947159	0.19094093	-0.36872393	0.26890352	0.2703366	0.53273726	0.5062286	-0.010741372	0.48425525	0.30944538	0.5359447	0.3153902	0.35411072	0.18593891	-0.056827	0.037136357	0.018507458	-0.0071391086	-0.071459204	0.07525037	-0.26863164	-0.06628731	-0.11388445	-0.111846335	-0.16048099	-0.19500293	0.44704047	0.4595159	0.066190094	-0.16959539	0.23506969	-0.10818132	-0.13390711	-0.26620483	0.34163827	0.20919086	-0.09898028	-0.17303754	0.21832278	0.18520707	0.22964	0.22016394	0.09199994	-0.105296694	-0.03534047	0.0035207057	-0.15581058	-0.29025814	0.1996648	-0.12034943	-0.031291764	0.11908597	0.0948897	-0.05204777	-0.2290172	0.08768965	-0.24744262	-0.12130395	-0.4051041	-0.18718843	-0.018101536	-0.18448316	-0.04853382	-0.02216419	-0.22829786	0.114383906	-0.39370313	0.22803032	0.28756756	0.108754635	0.37935433	0.13876233	0.06277518	-0.015878543	0.013229414	0.23852748	-0.10590442	0.28241074	0.10589716	0.14223485	0.23176588	-0.25504994	0.28924176	0.40722746	0.24273528	0.39462397	0.17049386	-0.06473203	-0.5055977	-0.24102555	0.04220964	0.071358316	0.3754016	0.4726206	0.26864415	0.33234042	0.27742624	0.12182387	-0.058981795	0.2387463	0.18582626	0.4339064	-0.021235956	0.10977322	0.03355873	0.09885654	-0.09112558	0.13940148	0.19831084	0.37674576	0.2786743	0.74964696	0.62107456	0.14570071	0.28465086	0.34956157	-0.32412824	-0.021544984	-0.0729148	-0.35706323	-0.2022447	-0.31238776	0.040367074	0.06933922	-0.31405956	0.005094417	-0.11566691	0.26742136	0.09989672	0.4919881	0.49955934	0.2972991	0.15258873	0.27970803	-0.036611464	0.045441188	-0.08647995	-0.18673076	-0.3818654	0.31807995	0.35369176	0.19786385	-0.22123873	-0.0055708103	0.008339087	-0.3850181	0.30916893	-0.09026726	0.28248745	0.12762316	-0.30863428	0.023411548	-0.29216108	0.13357377	0.16887711	-0.08993949	0.18640724	-0.011386879	-0.18604544	-0.31351003	-0.36085454	-0.21781382	-0.08639503	-0.32366002	0.0008057368	-0.35001555	-0.16797508	-0.27675897	-0.10727034	-0.064163804	-0.20155449	-0.058857717	0.27454534	-0.04538564	0.032285053	0.13729513	0.27121428	-0.074374214	0.20755158	-0.21380523	0.29989475	0.2852745	0.329537	0.40606284	0.04282604	0.317212	0.18389338	0.1412487	0.34963846	0.32819495	0.09231154	0.12787174	0.18419091	0.077757254	0.14312527	-0.13209456	0.15161203	0.065131225	0.031015724	-0.07943367	-0.214595	0.54797465	0.5978163	0.4919617	0.5526821	0.23186255	0.7025688	0.4027116	0.5350281	0.052655913	0.6449378	0.34126195	0.04676094	0.088235855	-0.1510231	-0.039255034	-0.27927703	0.116622075	0.03362632	-0.14413208	0.28982142	0.19219787	0.15827319	0.3474494	-0.0011470016	0.009227896	-0.259236	0.38085422	-0.28938332	0.100929	-0.17921029	0.20359643	0.241773	0.13739684	-0.017273491	-0.018609973	-0.524888	-0.44041166	-0.42644364	-0.2452572	-0.42884618	-0.2663073	-0.32755712	-0.20474069	-0.3380931	-0.37249216	-0.26428673	-0.4393882	-0.19049282	-0.4704088	-0.44462788	0.20422694	-0.17040579	0.20575397	-0.016274339	-0.0230012	-0.068550885	0.1103642	-0.03315179	-0.10770771	-0.33194634	-0.05878738	0.35207924	0.1901133	-0.13229205	-0.0010317985	0.23938787	0.32090145	0.30452237	0.3475052	0.29003364	0.2907854	0.21556823	0.24496546	-0.09722261	0.41546193	-0.20209675	-0.08506025	-0.15707657	-0.33245206	-0.16011839	-0.45480272	-0.413821	-0.45921728	-0.36584932	0.16210972	-0.10725702	0.3820762	0.009063943	0.7444651	0.23477536	0.28776094	0.08127652	0.22746536	0.056802206	0.06021718	0.2568495	-0.05966905	0.17224334	-0.10295372	-0.090209216	-0.24973643	-0.054456785	0.5658811	0.41080493	0.4517745	0.53864944	0.74039364	0.6005028	0.1170075	0.38783157	0.28064093	0.6228511	0.4194602	0.1874003	0.46849462	0.7176538	0.52595633	0.100994974	-0.059801426	-0.12062935	-0.2846271	-0.12795945	-0.021316519	0.006614807	0.085663244	-0.1634786	0.18453202	-0.15619875	0.40227523	0.05387525	0.28414446	-0.40424603	0.0673165	-0.25521335	0.33919442	-0.028383771	-0.3418534	0.13046359	-0.020126294	0.15479214	-0.2586714	0.01596528	-0.23740348	-0.047340136	-0.17302155	-0.09993992	-0.34203455	-0.011633091	0.08245168	-0.4144125	-0.38753006	-0.36091888	-0.42719498	-0.018800301	0.14045535	-0.00305161	-0.02417484	-0.14446697	-0.040593434	-0.37574938	-0.02279679	0.45391333	-0.0014509677	0.0102619985	-0.017415049	0.22570515	0.24091741	0.08726232	0.14762887	0.108841985	-0.07268137	0.09906853	-0.051278006	-0.10289827	-0.108540505	-0.13466378	0.35459498	0.2588089	0.30998313	-0.32555366	0.1710295	0.17208402	-0.08115152	-0.44548774	0.30390927	0.061684966	-0.29551786	-0.07858412	0.21287958	0.2841432	0.08762501	0.34781516	0.29953784	-0.1865202	0.12571944	0.09644296	-0.12833469	-0.19354689	0.24297276	0.32000872	0.09186251	0.03228968	0.23553799	0.15357275	-0.18822433	0.20989604	-0.19270314	-0.37129852	-0.42174447	-0.31438217	-0.04300242	-0.3276348	-0.4008865	-0.29600567	-0.49015042	-0.17147236	-0.36482558	0.07294198	0.12683876	0.2066365	0.18518925	0.021194417	0.2205797	-0.28822693	-0.13693771	0.25757697	0.18709591	0.06277087	0.15408525	0.26222742	0.3712795	-0.2961567	-0.04756802	0.09355398	0.3029466	0.52029496	0.32263234	0.029344304	-0.32920203	-0.27846655	0.11237453	0.18497173	0.36768177	0.32327858	0.26195082	0.2716315	0.23365286	0.253911	0.19042742	0.15304835	0.32095003	0.35746682	0.0349302	0.3237698	0.1361857	0.30997142	0.06535148	0.24657561	0.22647308	0.3640065	0.40891153	0.5240453	0.6277385	0.1171753	0.24643785	-0.05148577	-0.11809865	0.032077365	0.14751634	-0.24813117	-0.001680163	-0.19970603	0.21191207	0.2685789	-0.40374932	-0.018487109	0.15658227	0.45546097	0.37339672	0.39640552	0.44518495	0.3592963	0.24425234	0.36786395	-0.167749	0.3877948	-0.005604956	-0.04271438	-0.4179712	0.38198325	0.39390582	0.17849988	-0.094289534	0.0008327698	-0.20288005	-0.50704837	0.24056682	-0.20780247	0.06503614	0.16226009	-0.40282354	0.3084216	-0.21008542	0.4235375	0.3181388	0.015194189	-0.06061876	0.274212	-0.34310836	-0.20204815	-0.29162207	-0.097422495	0.06259326	-0.32051525	0.08044625	-0.48598835	-0.40476927	-0.4621642	-0.3327184	-0.18330774	-0.39573935	-0.45242718	0.10095297	-0.07999057	-0.2566385	-0.037249576	0.13715315	-0.31235322	0.29987577	-0.24724971	-0.050683558	-0.03808539	0.25321966	0.47999552	0.06607041	0.60402566	-0.10290374	-0.07412923	0.044414546	0.21237071	0.362327	0.1009338	0.06784421	-0.028401343	0.07268687	0.40398303	0.28502268	-0.024661096	0.012912153	0.05995656	0.15849121	0.49086088	-0.020401154	-0.3524307	0.079220206	0.24437658	-0.2775617	-0.3140048	0.2001571	0.05398	-0.27864942	-0.25300106	-0.07029632	0.035046697	-0.117817864	0.0047657853	0.25643	-0.121897414	0.12574874	0.16164006	-0.12253609	-0.3818974	-0.0052227764	0.33386952	-0.010720939	-0.106961794	0.068879254	-0.2906446	-0.17478783	-0.00010923794	-0.23245144	-0.24493425	-0.45935032	-0.24240637	0.064622305	-0.046495654	-0.054077934	-0.21125561	-0.23390014	-0.078502625	-0.3014359	0.028769264	0.13072746	0.11643412	0.22736213	0.091860704	0.11434663	-0.10513832	-0.0014211722	0.06511865	-0.038145978	0.17424347	-0.041335884	0.023465566	0.17882104	-0.04276453	-0.015115039	0.07267156	0.2050116	0.25323024	0.19823556	0.1559734	-0.4171093	-0.20526642	0.24007122	0.021734076	0.2674698	0.28398865	0.09399768	0.25721467	0.20820327	0.10173999	0.53786534	-0.22920161	0.37519526	0.17379802	0.31445011	0.102360785	0.17168975	0.45459443	0.05995186	0.22624758	0.21475115	0.5331431	0.48546198	0.40662545	0.6025106	0.115850724	0.6982592	-0.15946935	-0.040323474	0.13516647	0.051862776	-0.3098279	-0.04687148	-0.124853924	0.49304384	0.47079673	-0.4104916	0.19430842	0.31747374	0.48923534	0.2275903	0.16653098	0.35696596	0.1658341	0.25825697	0.30173683	-0.2545117	0.016680319	-0.2111781	-0.28740537	-0.4846702	0.1720529	0.2074111	-0.020794632	-0.3898242	-0.25047424	-0.23019049	-0.4725129	0.01619188	-0.12105724	0.027925689	0.065194674	-0.35306573	0.20672272	-0.10902399	0.18690522	-0.13249587	-0.12205463	-0.03187998	0.13804275	-0.25594646	-0.32668823	-0.28459787	-0.32769352	-0.106853105	-0.3420312	-0.17875591	-0.4793417	-0.32370126	-0.45525947	-0.32862037	-0.31465322	-0.2581979	-0.17100471	-0.086885884	-0.13759425	-0.20035103	0.008300342	0.0010519569	-0.26101866	-0.061923407	-0.25489518	0.012640633	-0.018737236	0.2597488	0.2831068	-0.03373016	0.42402884	0.72099996	-0.17157266	-0.04235685	-0.056288835	-0.11770285	-0.09431752	0.10249169	-0.051973883	-0.028809708	0.014009456	0.081525855	-0.10083969	-0.08846411	0.18375647	0.18726352	0.07773965	0.04599518	0.22921577	-0.07716683	0.028105734	-0.14772922	0.10932108	0.1083596	0.17093313	0.06777468	0.04217282	-0.02616802	0.079003505	0.013943998	0.0011571998	-0.067720674	0.12505881	0.06927651	-0.1558102	-0.048159122	0.12546445	-0.16222839	-0.015469472	0.10372904	-0.045924593	0.038163643	-0.08649057	0.12208035	0.01781468	0.025779841	-0.08974666	-0.11447596	-0.21558338	-0.22637567	-0.16628681	-0.082844496	-0.2252837	-0.06479198	-0.31026828	0.040476847	0.11553556	-0.14631696	0.048636783	-0.12912242	-0.08068591	-0.043352034	-0.07171183	0.25233352	-0.2922169	0.3048713	0.21816903	0.2878684	0.2027876	-0.12877561	0.10786662	0.13584465	-0.10782452	-0.026279872	0.10427361	0.17995065	-0.21587832	0.08900633	0.12323391	0.19650279	0.20423272	0.15971586	0.12101983	0.19503714	0.1417446	0.21276622	-0.12370195	0.5469672	0.0075533306	0.25645506	-0.058018778	0.041142117	0.018053109	-0.14779098	-0.13079047	0.019327395	0.10163085	0.15148367	-0.07632498	0.32075605	-0.022694035	0.14685974	0.08081435	0.89164096	-0.041558616	0.0044707954	0.013046345	-0.07071474	0.014175108	0.0065877354	-0.033565506	-0.078989066	0.017425578	-0.054481998	-0.20732298	-0.03493775	0.039844748	0.18093424	0.2254054	0.18837385	0.09339211	0.118651874	0.16399474	-0.04179132	0.110117085	0.13336729	0.0116861155	0.09728715	0.20689854	0.10849245	0.09869991	0.2143173	-0.07370712	-0.077421576	-0.013701553	0.0012515979	0.10194175	0.08355098	-0.028381485	0.04143076	-0.2200063	0.07656537	0.064367436	-0.06198382	-0.054379653	0.003067747	-0.07756244	0.054361008	-0.05836136	-0.042168103	0.12606268	0.0045532063	0.01859827	-0.014197939	-0.018804338	-0.13174106	0.01886696	-0.10352884	-0.055630423	-0.084030956	0.095267855	-0.08900093	0.0079323435	-0.060202915	0.020926777	-0.045751825	0.07465664	-0.06312644	0.12652916	0.12619457	0.105343826	-0.041654017	-0.1377709	0.00588083	-0.23295952	-0.13323061	-0.18379916	-0.13140522	0.07154782	0.21096618	-0.044315297	0.020773524	0.11631005	0.13858905	0.1627111	-0.07809457	-0.07471948	0.06469757	0.041425154	-0.09505012	0.21574642	0.21383828	0.04568228	-0.09562941	-0.006217267	0.017924367	0.37395683	0.14945465	-0.1287518	-0.08649553	-0.005383346	-0.17557007	-0.008255763	-0.1523475	0.060670137	0.041285887	-0.10295067	-0.00907674	0.17690161	0.012845818	0.053958613	0.085048	-0.036984883	0.068913125	-0.011167881	0.057254087	0.114609055	-0.07756028	-0.12586372	-0.123539686	-0.23834744	-0.3203034	-0.17594826	-0.09566551	-0.28041175	0.048423402	-0.18490282	0.10277652	0.038838625	-0.11875445	-0.028359689	-0.19142188	-0.19797613	-0.060645133	-0.048289962	0.15086032	-0.11653528	0.2632249	0.09540791	0.3302845	0.18995263	-0.1381855	0.018646402	0.017234212	-0.068741664	-0.13078532	0.03237189	0.21636456	-0.056461442	0.23468384	0.15122534	0.19549336	0.08889273	0.108522706	0.09520355	0.12116318	0.055626076	0.09803399	-0.066493355	0.7021086	-0.011651337	0.3178591	-0.03262535	0.17582515	0.056952436	-0.06732112	-0.18681392	-0.025084786	0.018187921	0.106776744	-0.08107678	0.14483091	-0.061519954	0.2157028	0.040161528	0.74200183	-0.071010955	-0.11003183	0.10087607	0.032961514	0.078568764	0.1744403	-0.08591225	-0.046419304	-0.011379632	-0.014911353	0.08856914	0.021982795	0.16596721	0.06472498	-0.033111237	0.07454103	0.07667247	0.0034765215	0.03488523	0.03168548	0.09651742	0.13864093	0.042524364	-0.006258306	0.104243636	-0.0019520171	0.075849876	0.18678576	0.028369484	-0.09522631	-0.029811734	0.097273245	-0.051003892	0.022004796	0.019569695	0.056745496	-0.14213882	0.05437196	0.048116654	-0.16154511	-0.10231333	0.058107927	-0.20525847	0.060490645	-0.10821387	-0.00139946	0.015741706	-0.011969038	-0.10447594	-0.17014429	-0.03149628	-0.15382224	-0.03613723	-0.21689233	-0.14514804	-0.12505881	0.05875074	-0.16356899	-0.13926205	-0.16886565	-0.11877766	-0.14848718	-0.036482994	-0.13087617	0.10743642	0.11823528	-0.14283678	-0.09083749	-0.19631372	-0.051819887	0.4207072	0.27413487	0.14496192	0.008930849	-0.28057122	0.085900135	-0.14446856	-0.17616501	-0.093463026	-0.11456462	0.30543065	0.18424429	-0.002104822	0.23335859	0.3872888	0.14160304	0.051062103	0.40232354	0.1836349	0.08473903	0.058672633	-0.032467596	-0.13853455	-0.10465737	0.10688516	0.21652286	0.30660927	0.13545007	-0.23274876	-0.005747814	-0.07039867	0.26214892	0.20291011	-0.17840207	-0.004212905	-0.37121627	0.18587498	-0.037478708	-0.070626564	-0.098450534	-0.4138104	-0.09884665	0.112529136	0.16403781	0.18243872	-0.027940264	-0.046391316	0.012842958	0.10296326	-0.12637264	0.1252189	-0.12339607	0.13173687	0.039050024	0.015632244	0.046749968	-0.110662065	0.26570448	-0.025598291	0.013787657	-0.2890987	0.22743061	-0.23515454	-0.055256993	-0.43298125	-0.34086883	0.46582767	0.26750487	0.28642166	-0.20450404	0.10268262	-0.042930294	-0.24274816	0.040225253	-0.24592389	-0.25066993	-0.3722946	-0.107830875	0.061106525	0.066842414	-0.021078512	-0.029955164	-0.0151548125	-0.040843904	-0.12271377	0.28198144	-0.00033485124	-0.15790474	-0.11811349	-0.15728977	-0.062197946	-0.0034844796	-0.118597046	-0.08073964	-0.19807112	-0.19255288	0.02325288	-0.068334326	0.11917257	-0.14086576	-0.14385313	0.5104261	0.39513466	0.05434467	0.0981541	0.0028975224	-0.13471322	0.0097096525	-0.13697049	0.021321554	-0.12013425	0.10476207	0.1609752	0.18927772	0.1306539	0.16665867	0.18402876	0.23927051	0.20019168	0.22488	0.16303572	0.25724828	0.13715485	0.109988354	-0.07345672	0.04723064	0.19123025	-0.26131096	-0.10383518	0.18154211	-0.29167402	0.26917425	-0.23049591	0.2342137	0.45929685	-0.25523138	-0.04941338	0.26128823	-0.0015834494	-0.13207053	0.38419524	-0.06539979	-0.018679215	-0.17200488	0.18211934	-0.050658897	-0.26607656	-0.21148646	-0.3598678	-0.031589996	0.14450015	0.01557886	-0.16612627	0.12327034	0.12611915	0.07227621	-0.045365773	0.2053835	0.369752	-0.11652952	-0.19574457	0.008932734	-0.13074063	-0.29486424	0.38454357	0.24752446	0.20663758	0.029243512	-0.13544777	-0.07946384	-0.20646611	0.54480374	0.35852695	0.25093353	0.06263469	0.35270303	0.2336666	0.07081706	0.031703647	0.061810154	0.16113281	0.19482099	0.22698066	0.30005652	-0.06394065	0.20373166	0.17597538	-0.011931016	-0.3055679	0.11331318	0.065454595	-0.22485726	-0.106964834	-0.014733615	0.20964304	-0.050618198	0.12696642	0.46324152	-0.14696275	0.29511407	0.25774354	0.20628558	-0.070457555	-0.1286538	0.28704605	0.015852984	0.075571984	-0.034297016	-0.26967582	-0.24227343	-0.09125695	-0.24864343	-0.18118879	-0.21910216	-0.16759014	-0.17474003	-0.18893602	-0.19383426	-0.28064868	-0.35079098	-0.19400604	-0.30691907	-0.0037286736	-0.022769667	-0.0498714	-0.06447999	-0.15838836	0.012441249	-0.19241966	-0.06564457	-0.066013046	-0.07950778	-0.25720072	0.10415711	-0.2552642	-0.04990434	0.15810043	0.18181734	0.1444806	-0.13361105	0.096885934	0.31167194	0.25807485	-0.047990173	-0.24666373	0.09125708	0.07574656	0.26303673	0.26547116	0.24017651	0.30426177	0.2651187	0.23616448	0.26671466	-0.13810301	0.33936116	0.10472682	0.06561854	0.019987518	0.048111226	0.20992279	0.1480893	0.19269855	0.17226495	0.10636374	-0.010577179	0.1574982	0.11032101	0.009136902	0.08524822	-0.18310761	0.20683005	0.3915018	0.16087638	-0.17096409	-0.013661628	-0.15723163	0.36727723	0.22041245	-0.31764516	-0.022888698	0.22222026	0.25325674	0.39003977	0.11830419	0.16787367	0.18217547	0.29379216	0.26918826	-0.039843407	0.1954491	-0.021504875	-0.08863917	-0.40710375	0.030910416	0.15752241	0.070829265	-0.12044103	-0.09652547	-0.17569824	-0.44249034	0.09847744	-0.16922921	0.0522215	0.42943612	-0.46781668	0.33670136	0.15589865	0.25740674	-0.017359871	0.2675353	-0.08523236	0.29060787	-0.38784516	-0.18340157	-0.27476636	-0.25443146	-0.05049698	-0.4687271	-0.1460494	-0.26611313	-0.28344777	-0.4788298	-0.3220089	-0.24863993	-0.22006957	-0.29709962	-0.034135666	0.015252671	-0.21975307	-0.105050765	0.1304796	-0.2695614	-0.07379898	-0.032310165	0.17881614	0.1322603	0.15962905	0.08040509	-0.15653013	0.136902	0.16419514	0.19738165	-0.18110867	0.5414196	0.54175025	0.37559274	0.06883256	0.048400424	0.2776963	0.36107236	0.24133225	0.30730766	-0.11232106	0.2270796	0.26603696	0.11699676	-0.32984865	0.18004708	0.062379874	-0.17954317	0.02908879	-0.07614399	0.2196319	-0.23078129	0.061025612	0.3139169	-0.3507331	0.5196226	0.39081347	0.17953986	-0.08601614	-0.32012352	0.39606622	-0.1868127	0.014528858	-0.12502731	-0.033748124	-0.21161237	-0.043897066	-0.2136601	-0.24438834	-0.14544852	-0.27460545	-0.11223053	-0.23689589	-0.45193535	-0.5393699	-0.41570327	-0.37460542	-0.2916877	-0.12960833	-0.20550965	-0.2043641	-0.29283056	-0.31114447	0.29732886	-0.34138808	-0.23123315	0.006417578	-0.1686679	-0.06623096	0.11953248	-0.13278654	-0.055178005	0.32196394	-0.07466152	-0.11621958	-0.28343898	0.11352786	0.33470124	0.3916838	-0.005324027	-0.16257611	0.24972504	0.24147028	0.2945221	0.13997929	0.20860925	0.335136	0.3436141	0.2585634	0.5441789	-0.12742685	0.28998452	0.031104708	0.3794207	0.021727975	0.2866127	0.26357356	0.15244232	0.19271728	0.1656678	0.021150183	-0.1534594	0.2030879	0.07538713	0.17996873	0.14065683	-0.12945722	0.2184735	0.48170888	0.18311292	-0.12892407	0.1457581	0.027958969	0.6198779	0.5423203	-0.2532181	0.18539372	0.32857004	0.47152844	0.50044924	0.030202927	0.18963508	0.3754878	0.4127505	0.4304499	-0.002202222	0.28635335	0.16949032	-0.06494379	-0.30574962	0.24197058	0.2973431	0.17865099	-0.08487158	-0.0050638183	-0.38683903	-0.43675762	-0.15483586	-0.30879492	-0.14951487	0.20274793	-0.48938876	0.49811792	0.15847695	0.33228925	-0.18817642	0.31910595	-0.40268904	0.19037618	-0.31389058	0.014457993	-0.19746229	-0.32017046	0.06767565	-0.3224113	-0.005587913	-0.3090962	-0.38883555	-0.4681379	-0.34945086	-0.25323805	-0.37164736	-0.5051501	-0.13776205	0.062497225	-0.3748926	-0.30135223	-0.09526742	-0.32253814	-0.14154646	0.053848285	-0.13939445	-0.22783527	0.016276628	-0.0971157	-0.1701229	0.21063513	0.6750302	0.3995785	0.20034921	0.14903653	0.11876689	0.2590133	0.1189009	0.097679056	0.21634033	0.3158461	0.24293254	0.14110532	0.1476145	0.09250903	0.012305314	-0.15872033	0.2010988	0.15570289	-0.14644937	-0.18091072	-0.1041219	-0.06183391	-0.15654877	0.06461543	0.37627074	0.41620332	0.30252048	0.61395615	0.19602777	0.09040591	0.13985464	0.16228233	0.04426369	0.11132321	-0.013359416	-0.31655934	-0.013447003	0.042034425	-0.058789838	0.15830071	0.17571811	0.13185176	-0.2922543	-0.027722597	-0.018426307	0.06807922	0.09411834	-0.095728636	-0.13643172	-0.05915637	-0.16998246	-0.25016826	-0.1727152	-0.30275896	-0.13515797	-0.23931435	-0.028844317	-0.113877445	-0.16316551	-0.26305848	0.22571944	-0.3642668	-0.24400015	0.26261923	0.042349625	0.015647957	-0.20343266	-0.09870068	-0.054238815	-0.058172476	-0.11718318	-0.14637288	-0.10668897	-0.062843904	-0.074081995	0.04363554	0.038049437	0.07512977	0.0821347	0.38872063	0.14848293	-0.13486156	0.09083266	-0.110437624	0.10169074	-0.08486807	-0.032535564	0.15983811	0.1313121	-0.02287547	-0.12283476	0.06922421	-0.022005038	0.041400034	0.03415837	-0.050455756	0.12681492	-0.19032112	0.123471834	0.31447598	0.5045817	0.43844536	0.40606716	0.32351732	0.259078	0.1696003	0.06824094	0.100604795	0.2558683	0.18793058	0.28895035	0.1247071	0.086655654	0.07418511	0.10476906	0.13125485	0.105343014	-0.0075712227	-0.008757666	0.14816506	-0.114842	-0.09099246	0.14052849	0.028247109	-0.25269124	-0.3845158	-0.13501312	-0.2172863	-0.13662499	-0.0030351798	0.088268675	0.20742975	0.004388779	0.4193934	0.25061116	0.277129	0.100119665	0.16648504	-0.239315	0.18546368	-0.32629973	0.008497589	0.049879868	-0.12495623	-0.059014596	-0.22895014	-0.18346302	-0.0018674497	0.15454541	0.08295647	-0.04661073	-0.2083279	0.10089442	0.025985926	-0.0782314	-0.09931578	-0.24470007	-0.35387573	-0.21963629	-0.19625993	-0.33665884	0.08109834	0.10401212	0.20927252	-0.09806338	-0.17214331	-0.3051	-0.08257572	0.5011548	0.3908438	0.354925	0.2689747	0.46170905	0.3198759	0.11190882	0.16306393	0.2737799	0.18809643	0.050202817	0.17931193	0.20806274	0.016955426	-0.21879932	0.13181083	0.01187919	-0.04229773	-0.1183918	-0.10688963	0.06565868	-0.15287188	-0.034283344	0.06814904	0.151546	0.3887592	0.7241137	0.27150476	0.01682574	-0.08815126	0.2563284	-0.057329442	-0.0031662986	-0.07907168	-0.26428193	-0.05007678	-0.035884164	-0.053502638	0.09185612	0.2754978	0.070494905	-0.32021368	-0.23147164	-0.10190864	-0.17379516	0.0029181135	-0.186775	-0.23057117	-0.15567315	-0.2476325	-0.31998947	-0.29324028	-0.38360962	-0.20400761	-0.3499884	-0.257066	-0.1551963	-0.16637129	-0.2449714	0.099979244	-0.27149054	-0.28858164	0.260449	-0.1516638	-0.155041	-0.2947984	-0.16782579	0.012919977	0.04737965	-0.07380914	-0.10905979	-0.17572466	0.12384429	-0.058950372	-0.043567136	0.04372231	0.080334894	0.043954585	0.39532676	0.23248807	0.010061403	-0.055605005	-0.06316779	0.06673248	-0.075792186	-0.031297278	0.11160278	0.14930078	-0.04950903	-0.21047467	-0.10787066	-0.12297165	0.01691028	-0.014564521	-0.004687929	0.03716634	-0.15505052	0.0920846	0.24257508	0.6909461	0.5158407	0.4727301	0.48391894	0.40538388	0.27050596	0.20162532	0.07414337	0.4175143	0.19775218	0.38569674	-0.02181236	-0.09179606	0.1067094	0.15874329	0.056905214	0.16280852	0.04275904	0.047938805	0.14638273	-0.08909554	0.00049831177	0.12742844	0.008121211	-0.13071893	-0.14037646	-0.1528167	-0.16871238	-0.111769155	-0.021182397	-0.005446116	0.21356463	0.039849237	0.558983	0.3528563	0.31282803	0.0807767	0.092029326	-0.25031355	0.14932889	-0.2654287	0.0775985	0.053007342	-0.038016718	-0.04083489	-0.22471166	-0.15729834	0.01578054	0.12504159	0.12533195	-0.06617008	-0.18812804	0.038318966	-0.079996645	-0.15939884	-0.19235131	-0.26978865	-0.34682372	-0.16373351	-0.17607145	-0.2757014	0.12992512	-0.06646189	0.0932238	-0.19724141	-0.22394943	-0.24552645	-0.11646153	-0.11919409	0.03901064	-0.13269892	-0.009041171	0.2544802	-0.3813343	-0.0498235	0.2575818	-0.06543517	-0.26099598	-0.111454755	-0.12468517	-0.372518	-0.2881649	0.064564645	0.08541056	-0.08338372	-0.14736076	0.15804999	0.11572595	0.09435233	-0.049456116	-0.06758185	0.41269103	-0.09718464	0.3734198	-0.25121114	-0.19177896	0.27841848	0.13609377	0.49751896	-0.04755692	0.15845193	-0.22663824	0.028370949	0.22587912	-0.1233033	0.03571886	-0.15921913	0.17578462	-0.008817788	-0.1042468	0.22048712	0.12668645	0.1763184	0.028185235	-0.09198098	0.077430576	0.16999216	0.10724431	0.20989893	0.09782319	-0.28953862	0.012190625	0.08443818	0.12335414	-0.1692558	-0.012421456	0.08904914	0.030107584	0.15820661	-0.32774413	-0.030550148	0.146466	0.10652654	0.015021371	-0.098685265	-0.022781705	-0.1470024	-0.09429609	-0.2765131	0.024209527	-0.11623199	0.036695484	0.010440784	0.0123326145	-0.09613878	0.12820995	-0.046302702	-0.0027462947	0.008291357	0.10730699	-0.19300817	0.029124452	-0.17864057	0.2356532	0.116959795	0.117277004	-0.025674282	0.047655612	0.2469955	0.052327555	0.006364556	-0.26359433	0.09076273	0.014835554	-0.2501074	-0.11662433	0.31247878	0.08388144	0.14855272	0.19272214	0.07992552	0.04414252	-0.14971073	-0.1861037	0.21304514	-0.2720656	0.19607991	-0.009176744	-0.12041466	-0.21893059	-0.13115312	-0.03967693	-0.16586567	-0.17133592	-0.3340982	-0.079670504	-0.21038578	0.04806311	0.027946066	-0.11999142	-0.08701124	-0.026197596	-0.102603704	0.1534137	0.18005066	-0.021263909	0.11196972	0.007217442	0.26978347	0.1823466	-0.098792	0.102016665	0.46252844	-0.17277813	0.18151344	0.110052645	-0.012229664	-0.26012355	-0.077882364	0.36824885	0.014762759	0.020929161	-0.030439086	0.014043168	0.18214172	0.21543774	0.06899982	-0.13348326	-0.022521622	0.21870959	-0.026118558	-0.26901403	0.163929	0.12565301	0.2179356	0.12372116	0.12219438	-0.36082765	0.06831892	0.10080975	0.15647928	0.15407987	0.09512512	0.0980491	0.7595187	0.61544687	0.39509723	0.42255688	0.40103933	0.014959586	0.15600619	0.2115562	-0.04096089	0.20228818	0.33609572	0.17926832	-0.0985065	-0.052984178	-0.058634747	0.14992306	0.20449038	-0.17414981	0.11816109	-0.36857423	-0.21065526	0.16199523	-0.21482268	0.7075555	0.5789637	0.5394327	0.12873194	-0.3654737	0.45703483	-0.20142028	-0.04318022	-0.2594442	-0.09166452	-0.1069626	-0.009140867	0.070280895	-0.23783301	0.18428017	-0.30853212	-0.26753846	-0.13640513	-0.33432823	-0.47075212	-0.25735846	-0.24139899	-0.07537814	-0.18038172	-0.33351588	-0.4833038	-0.4827016	-0.4420879	-0.07981005	-0.30429375	-0.3101388	-0.20563518	-0.2001864	-0.15025346	0.16713819	-0.15889874	-0.25659102	0.4063235	-0.0633951	-0.23715734	-0.44974154	-0.22360405	0.0010545572	0.2971924	0.016461855	0.038690582	0.04848708	0.044596486	-0.01389913	-0.17937824	-0.07705117	0.016665353	0.010832061	0.13784263	0.46952274	-0.22439443	-0.11868496	-0.2595576	0.38162068	-0.21192233	0.13204521	0.04576362	0.08330702	-0.0063208197	-0.12667084	-0.09330783	-0.2599366	-0.20712285	-0.1404616	-0.008519766	0.031904142	-0.18866374	0.2386729	0.37495434	0.2508924	0.1570417	0.2962219	0.35803205	0.6532594	0.5258387	0.10201823	0.20189008	0.4085355	0.28612852	0.4000919	-0.26436323	-0.1920815	0.10051247	0.17700426	-0.00716365	0.14939308	0.017558837	0.18936454	0.043739174	-0.059095	-0.038361374	0.029397113	-0.023852091	0.095899865	0.07455498	-0.19555615	-0.18682146	-0.3866371	0.026451185	-0.25407055	0.10718872	-0.30606708	0.6244482	0.5099007	0.18231675	-0.24138227	0.19771184	-0.36191952	0.03191065	-0.23120555	0.14695169	0.045144632	-0.27247083	0.044481345	-0.14655575	-0.21758808	-0.04732962	-0.31751543	-0.22026071	-0.40588036	-0.12894483	-0.102299996	-0.3579906	-0.21909566	-0.00857197	-0.2869295	-0.32332373	-0.24890433	-0.27838898	-0.27692848	0.13770616	-0.15119657	-0.032633908	-0.19498682	-0.31371585	-0.3576266	-0.13806237	0.77331513	0.3539989	0.42470124	0.12611648	-0.011234353	0.2944788	-0.0061716433	-0.34434432	0.094805636	0.32730362	-0.20867623	-0.34209818	0.0043769684	-0.027417306	0.08358766	0.17809048	-0.1574369	0.038792647	-0.27203074	-0.26619276	0.13261387	-0.15360972	0.64967614	0.62585384	0.26109824	-0.21229766	-0.27331778	0.46577108	-0.08161302	-0.2035273	-0.07665125	-0.19717975	-0.11615187	0.106251806	-0.106460415	-0.3375245	-0.1279709	-0.37189168	-0.12119577	-0.1262551	-0.2134619	-0.4577461	-0.1999582	-0.1320504	-0.0991197	-0.07533836	-0.1299354	-0.31887904	-0.24507856	-0.24617016	-0.030256681	-0.21335422	-0.21296653	-0.07716688	-0.22492118	0.073942475	0.19485222	-0.058026977	-0.04275367	0.17875077	-0.08832853	-0.19407168	-0.21660048	-0.12728569	0.06599286	0.4190578	-0.19819903	0.03943698	0.13770165	0.09476013	0.1331843	-0.0655002	-0.026953423	0.12868504	0.13349476	0.10490146	0.7037697	-0.26257294	-0.037124854	-0.12349604	0.58798605	-0.10978692	0.2723466	0.35327432	0.12591532	0.1162952	-0.004050344	0.1679147	0.03334889	0.04497446	0.11528711	-0.08278958	0.31248853	-0.14363845	-0.012422472	0.16011457	0.13977042	-0.11894814	0.1921252	0.2773101	0.7391478	0.792196	-0.13321045	0.3655196	0.4230465	0.27970162	0.3087147	-0.22421108	-0.08429512	0.03995417	0.10866337	0.012301138	-0.0987518	-0.044311985	-0.15147907	-0.2652607	-0.3837762	0.077982016	0.077988274	-0.10780739	-0.018311204	0.03183725	-0.17749044	-0.25127578	-0.36801672	-0.00065464096	-0.2557845	0.021676695	-0.33372486	0.61795676	0.290503	0.17174388	-0.24471587	-0.08802087	-0.19811398	0.059441596	-0.24599184	-0.16338876	-0.10946032	-0.32127157	0.013758695	-0.1982226	-0.3232074	-0.26541737	-0.37333885	-0.277208	-0.48162958	-0.22541505	-0.20405221	-0.2714039	-0.15834019	-0.11664203	-0.2091959	-0.15847541	-0.1305008	-0.2665588	-0.22364266	-0.16037296	-0.15332183	-0.09455223	-0.04125221	-0.11078237	-0.24379985	0.10081446	0.6216736	0.4668228	0.23236631	-0.1596842	0.09476522	-0.15764536	-0.2057854	0.020619798	0.3684635	-0.15137742	-0.19834252	-0.20866555	-0.23874404	0.25261137	0.34345478	-0.17225005	-0.051795714	-0.23174821	-0.35135534	0.15933153	-0.13421556	0.56733394	0.491925	0.3897851	-0.10952518	-0.20110679	0.19197789	-0.17640631	-0.30538765	-0.13314137	-0.20067973	0.11048925	0.06159601	0.020453166	-0.27416953	0.06272379	-0.37931365	-0.11290393	0.081843376	-0.21775645	-0.33974093	-0.10077401	-0.10975605	0.0517679	-0.13349342	-0.20950934	-0.3847529	-0.34648836	-0.34583294	-0.02810514	-0.20851308	-0.08559481	-0.24256258	-0.1730574	-0.004964168	0.20129326	-0.06731141	-0.2218283	0.31483883	-0.1593669	-0.28795105	-0.24580084	-0.19874959	-0.030888066	0.3596991	0.07031415	0.2948312	0.3171004	0.109094545	0.028553072	-0.23733711	-0.21167475	-0.006110868	0.02473138	0.046284035	0.6724156	-0.06717079	-0.078173734	0.002644796	0.7470391	0.07511566	0.5020765	0.29864305	0.14619507	0.0936302	0.030857991	0.040187456	-0.12345064	-0.025663812	0.079539165	0.011559245	0.21355784	0.0043776124	0.06599961	0.10413047	0.117925115	0.056993645	0.21066616	0.45641738	0.50665563	0.66378546	0.06538239	0.6605436	0.39441213	0.30700797	0.09215923	-0.28111428	-0.14901741	-0.04424039	0.035848465	-0.043692823	-0.11360321	0.0023202	-0.12224144	-0.1938574	-0.2778318	-0.14560051	-0.10878602	-0.2704544	0.06570495	0.006018044	-0.12582366	-0.18827032	-0.43826783	0.1365824	-0.18804453	-0.06138152	-0.19279455	0.44781277	0.3657176	0.0053665363	-0.4889907	-0.17236403	-0.27760687	0.05367955	-0.23985673	-0.05966872	0.033369634	-0.3504353	0.060924795	-0.13068904	-0.43854752	-0.14682083	-0.29297096	-0.23118931	-0.4309917	-0.2823617	-0.09593668	-0.24167317	-0.2622326	-0.2066895	-0.34227732	-0.24842283	-0.28243363	-0.24255544	-0.40832427	-0.04332051	-0.20084876	-0.03903194	-0.2990964	-0.31113252	-0.31831768	-0.088998124	0.42018998	0.11504808	-0.19688916	-0.053023674	-0.2001595	0.08532884	-0.07481514	0.118644394	-0.057790495	-0.012816884	-0.35283577	-0.35510397	0.2200405	0.16680166	-0.018053012	-0.027301861	-0.024615664	-0.26574355	0.045172796	-0.056417976	0.30764896	0.3848191	0.4555219	-0.089497074	-0.18203641	-0.070712805	-0.25647104	-0.3081545	-0.08868366	-0.23861526	0.08521124	-0.1329466	0.0022667474	-0.06953119	0.4598745	-0.26342127	-0.1855599	0.089876555	-0.14292085	-0.23221374	0.12582617	-0.16869445	0.013219604	-0.25519532	-0.21654642	-0.36613348	-0.36632738	-0.32314235	-0.08337606	-0.15108739	-0.1113274	-0.34974727	-0.15534057	-0.21554725	0.09961949	-0.11949481	-0.4113885	0.45938888	-0.10353183	-0.16579138	-0.23770182	-0.22072116	-0.122131296	0.114718035	0.1295365	0.23854251	0.052953005	0.09360867	-0.07580086	-0.25904313	-0.18306348	0.00022043518	0.017556041	0.15345773	0.34495968	0.13107313	-0.023361048	0.10088773	0.49173808	0.14518957	0.38343325	0.10964144	0.2990354	0.071408734	0.008303829	-0.11386149	-0.2858049	-0.09309598	0.008619359	-0.11134263	-0.07036757	0.11789762	0.17283869	0.13866079	0.47277355	0.44117996	0.2138744	0.531129	0.24457273	0.32618234	0.43445298	0.63958716	0.26514572	0.12045844	-0.029203827	-0.2954037	-0.2125708	-0.12316337	-0.07867465	0.04914621	0.09466836	0.0033173657	-0.036182605	-0.09683692	-0.057634644	-0.29364014	-0.27093124	-0.3954876	0.020203417	-0.0078047714	-0.14183556	-0.109865636	-0.21710554	0.20312332	0.067587525	0.14916995	-0.082226396	0.32686013	0.45497522	-0.12328297	-0.38753265	-0.14151588	-0.23139833	-0.057651	-0.23934299	0.00010026966	0.032373566	-0.22352044	-0.08464654	-0.21197283	-0.3871963	0.045647502	-0.05888524	0.039029326	-0.2701235	-0.13025555	0.022912828	-0.12000855	-0.29987362	-0.22416003	-0.28443435	-0.21027963	-0.17488502	-0.15947108	-0.4483747	0.24810882	-0.053657763	0.184316	-0.2828882	-0.4109917	-0.29031664	-0.27409518	-0.0066719158	-0.42524055	-0.053266894	-0.20729396	-0.23529804	-0.038337044	0.31003475	-0.17323776	0.06319105	-0.29462844	-0.23357296	0.27825087	0.19365878	-0.07770961	0.0931586	-0.10395944	-0.42726776	0.0915238	-0.003648199	0.22145613	0.23284942	0.4355674	-0.052701548	0.18112883	0.35442695	0.2920491	-0.3130398	0.0402658	-0.27989203	0.1151505	0.0556792	0.13740025	-0.26029494	0.072077505	-0.2023877	0.07001045	0.20969675	0.07996403	-0.13498558	0.07663282	-0.046141725	0.17266257	0.0010642153	-0.09200746	-0.17399582	-0.14673932	-0.15238519	-0.03703213	0.038603086	0.13455345	-0.17888492	-0.02440389	-0.064382955	0.20556158	0.09461666	-0.03541004	0.17890109	-0.08638844	-0.11050815	0.0047399686	-0.03999812	-0.22876373	0.038837645	0.1832332	0.1916538	-0.12154872	-0.07631269	-0.18504989	-0.31573728	-0.18387426	-0.19944894	-0.17538133	-0.18532339	0.27151355	-0.07709145	0.14095493	0.11630432	0.33040628	0.17163068	0.14582536	0.39244324	0.22689399	0.26758268	0.15340708	-0.07609615	-0.12115926	-0.21502478	-0.0027756193	-0.25317392	-0.10081087	-0.09170308	-0.090053774	-0.0934748	0.13055322	0.06240321	-0.10928813	0.22455503	0.2636187	0.3364252	0.01915517	0.3132624	0.5717821	-0.04347414	0.11479584	-0.49945843	-0.3944848	-0.2748002	-0.056287877	-0.030572247	-0.1536783	-0.095175095	-0.26008222	-0.34644294	-0.17035446	-0.27360785	-0.30740687	-0.34477356	-0.09479625	-0.011939443	-0.08347973	-0.06861667	-0.2390934	0.0984273	-0.19352	0.057432946	-0.18894339	0.16705585	0.46448854	-0.2703007	-0.25757006	-0.21044777	-0.07463348	-0.11932311	-0.31494576	-0.30460915	-0.12106321	-0.13187777	-0.16166249	-0.13672374	-0.41704825	-0.054768186	-0.2534551	-0.07980796	-0.31352776	-0.22442335	-0.054639656	-0.05218915	-0.26575932	-0.2301738	-0.19943123	-0.17995252	-0.028334578	-0.1416524	-0.39166993	-0.05531685	-0.033057287	0.0020925528	-0.13544673	-0.22192244	-0.19174543	-0.023866968	0.35037422	0.10485116	0.390742	0.40107056	0.48667523	0.45858607	0.7132146	0.31885692	0.30338007	0.07277535	0.04471805	0.13137354	-0.2580226	-0.045292538	-0.36109957	0.06252847	-0.0018306222	-0.23058455	0.3139765	0.0867932	0.4845901	0.55108553	-0.16846943	0.11467206	-0.36157766	0.16451631	-0.4754047	0.045573592	-0.061484557	-0.053393397	0.3314325	0.12852666	0.30357194	-0.024930209	-0.42235368	-0.08019104	-0.30334318	-0.24110086	-0.17872235	-0.31070715	0.07935987	-0.26233664	-0.49084997	-0.43673587	-0.4038704	-0.4608518	-0.033582337	-0.34852695	-0.38358894	-0.18133032	0.010023021	-0.054322015	-0.17305256	-0.2605805	-0.41501445	0.52759254	-0.13717818	-0.37829936	-0.45650053	-0.14227088	0.073297605	0.07092346	0.20813377	0.06223936	0.21665877	0.050282754	-0.10279794	-0.12658899	-0.05830641	-0.10205324	-0.1271741	-0.03173472	0.0300863	-0.060129166	-0.21911848	-0.31024203	0.04724618	-0.33219656	-0.0680092	-0.3953161	-0.17452723	-0.36211127	-0.3582528	-0.15577613	-0.3124013	-0.057959657	-0.17345418	0.5943885	0.044952683	-0.14058764	0.3551488	0.40115315	0.07699705	0.24219564	0.2722898	0.047670443	0.15404251	-0.12695892	0.16238682	0.020437287	0.052904002	0.56284255	0.26250795	0.14253843	0.27672705	0.47891766	0.53106517	0.08817954	0.41334003	0.34311652	0.6625398	0.38859457	0.32335338	0.0516055	0.28784	0.27189824	0.11528351	-0.13696566	-0.13384639	-0.16532628	-0.24473499	0.0736922	-0.15368049	0.03335679	-0.13322355	0.049899496	0.24726196	0.10532816	-0.25990662	0.4216124	-0.46296424	-0.124945834	-0.22026475	0.4413115	0.119812526	-0.36482453	0.029057963	0.05054891	0.14056993	-0.036744993	-0.014386985	-0.15031274	-0.08121956	-0.12313093	-0.013560451	-0.2872435	-0.16761796	0.11801843	-0.45370555	-0.38983425	-0.4674711	-0.4391695	-0.32402912	0.3847745	-0.19223158	-0.14965266	-0.32666185	-0.22857395	-0.37383556	-0.24819452	0.44048274	0.5501751	0.26086396	0.55538684	0.08936483	0.41865814	-0.084414124	0.69029194	0.4501145	-0.21859017	-0.099049464	0.024956863	0.15481578	-0.07948633	0.4284034	0.059141073	-0.0946827	0.21403667	0.2500167	-0.028722322	0.2188762	-0.029021628	0.019263538	-0.22736107	0.4565502	-0.1740334	0.14822538	-0.27496615	0.1751604	-0.0045276415	0.20656647	-0.062034957	0.116684735	-0.4280507	-0.37859842	-0.33833924	-0.13687646	-0.3433386	-0.23634203	-0.27737653	-0.025017869	-0.19509716	-0.20904891	-0.114001624	-0.27001762	0.048969943	-0.3396115	-0.40460303	0.28575975	-0.0748791	0.2304645	0.03832521	-0.07185065	-0.06680904	0.09045731	0.10790897	0.055476736	-0.264434	0.14592122	0.41137227	0.04482326	-0.2773095	-0.26979342	0.029493608	0.20944953	0.33727932	0.3964523	0.38934192	0.3963132	0.29655448	0.32760343	-0.07272937	0.12779889	-0.031860087	-0.04633017	-0.15890884	-0.2780639	-0.15724036	-0.2525312	-0.23474447	-0.26298672	-0.21984015	0.11355379	-0.0710394	0.5541661	0.16175587	0.45423055	0.22632681	0.11654086	-0.03331979	0.33673757	0.0938995	-0.019984584	0.17098507	-0.23591419	0.18607353	-0.035322417	-0.08826576	-0.24544494	-0.19410981	0.46586663	0.35883203	0.6443547	0.67397857	0.71537375	0.47960883	0.29829362	0.34029147	0.3229076	0.45314524	0.27680382	0.0074295965	0.5629248	0.66051257	0.61850107	-0.0132574495	-0.02167593	-0.13802111	-0.31322268	0.07190194	-0.25070214	0.08282181	0.15726209	-0.2388335	0.16850291	-0.17505418	0.39410776	0.2177863	0.46392575	-0.25518718	-0.025665456	-0.26625168	0.15777922	-0.10578154	-0.2823824	0.08015048	-0.09952496	0.36636814	-0.22363088	0.09174606	-0.1540529	0.07029377	-0.05754473	-0.15561992	-0.2264964	0.2370065	0.21491736	-0.18204507	-0.2161403	-0.1144788	-0.30899766	0.10192969	0.12984635	0.0883696	0.0048783496	0.05132156	0.114330985	-0.2033478	0.046629883	0.20868813	-0.13976926	0.26647678	0.086514436	-0.08154032	-0.15573654	0.4390048	0.22553429	-0.15162791	-0.21891229	-0.016699728	0.028141918	-0.08817024	0.016910225	0.07966508	0.09604295	0.15849954	0.43522573	-0.032128215	-0.22106707	-0.11448793	0.11489608	-0.037532136	0.061312422	-0.09417138	-0.36451614	-0.08918005	0.072370484	-0.19143254	-0.007636456	-0.28972077	-0.12046958	-0.16320503	-0.21827084	-0.02960983	-0.06925287	-0.15637402	-0.1304874	-0.48006076	-0.104457386	0.08028345	-0.09226622	0.13771792	-0.052389886	-0.20101687	-0.18146884	-0.061657913	0.10848608	-0.29826793	0.17891361	-0.026018199	-0.11900426	-0.0030792945	-0.073492534	0.05329305	0.17428185	-0.07580874	0.08080043	0.15186688	0.07871785	-0.45554653	-0.13890548	0.046738636	0.0788506	0.27313468	0.39224586	0.21226543	0.37894773	0.26202807	0.24767135	0.17376752	-0.04741361	0.040708683	0.041364666	0.043120794	-0.27333784	-0.13189521	0.037131052	-0.09875239	-0.12127221	-0.05430419	0.42398244	0.29023167	0.445891	0.31523442	0.20532353	0.5214068	0.044051312	-0.20214957	0.14622612	0.16630186	-0.11131002	0.057511304	-0.022309711	0.49759614	0.2761954	-0.28132865	-0.0739432	0.12474109	0.3680163	0.34296504	0.28121892	0.36006752	0.35694993	0.24794231	0.1423233	0.036417767	-0.1770356	0.0049258755	-0.0817589	-0.23942792	0.26774693	0.41724986	0.10363505	-0.26530784	-0.13669421	-0.21242161	-0.24852367	0.059802037	-0.04710378	0.216819	0.13509563	-0.14829566	0.32092175	-0.10929568	0.27531642	0.045517758	-0.07877752	-0.005471096	0.02624078	-0.1423195	-0.19329727	-0.17104594	-0.24743712	-0.11095433	-0.29296386	-0.15416972	-0.28946897	-0.04469216	-0.1918487	-0.15793361	-0.22872338	-0.16937605	-0.028117435	-0.11798144	-0.17753668	-0.05624315	-0.020386685	0.046759304	-0.03440364	-0.012923674	-0.15532918	0.08993228	0.12261709	0.24934736	0.21109761	-0.14645442	0.13469738	0.19926572	0.59786665	0.41728655	0.59405994	-0.0064302026	0.62249315	0.46699974	-0.24422474	0.0683421	0.09987393	0.23816215	-0.35644788	0.37369856	0.27970737	-0.19005619	0.3129927	0.18573043	0.2116187	0.5204691	0.13891879	0.3992329	-0.052092068	0.4494473	-0.2338996	0.26209068	-0.23695393	0.20562385	0.2687657	-0.038321115	-0.01531459	0.034576837	-0.5885288	-0.40865582	-0.5397562	-0.1871179	-0.4991985	-0.28488523	-0.14917095	-0.1019929	-0.41986626	-0.18734021	-0.4025296	-0.4906392	-0.16818996	-0.40978625	-0.4000302	0.35686994	0.15997031	-0.034546178	0.2155778	0.06561809	0.118941635	0.0589515	-0.057463557	-0.054663476	-0.40969756	-0.059761688	0.33337352	0.15644616	-0.005251167	-0.13450895	0.095494695	0.14631422	0.16099614	0.1837026	0.17565915	0.07962028	0.03465684	0.33989418	-0.06397305	0.20803761	0.03968928	-0.19108714	-0.2035338	-0.15319799	-0.16673274	-0.22616883	-0.16333804	-0.22570285	-0.29523602	0.016808717	-0.1483496	0.11944586	-0.101438336	0.41125226	0.028352004	-0.031706814	0.3325211	0.16426681	0.17941523	0.13007975	0.41533405	-0.020111304	0.14709058	-0.07664412	-0.06411338	-0.30432385	0.12464132	0.44623417	0.6186018	0.35816243	0.38792932	0.6175838	0.505643	0.1908777	0.2642602	0.4954928	0.559678	0.5871495	0.19831388	0.45608035	0.6443296	0.62960744	0.084540114	-0.077911556	-0.18704438	-0.15581919	-0.05850924	-0.31474876	-0.07134412	0.09513519	-0.20316352	0.37722003	0.14980319	0.6538716	0.2820369	0.5240026	-0.5396684	0.25648636	-0.38840178	0.37341747	0.11622159	-0.08833841	0.35734504	0.09642506	0.39042747	-0.15089247	-0.1215873	-0.2943798	-0.08474609	-0.2871846	-0.1203605	-0.476944	0.13809146	0.16764824	-0.36195123	-0.5217173	-0.327107	-0.4409786	0.14607717	-0.0075759524	-0.10967011	-0.18830918	-0.2107744	-0.061057135	-0.45653436	0.015704881	0.24622127	0.025809828	0.6020228	0.53083384	0.18888864	0.13306656	0.045883212	0.00590962	-0.03974329	-0.035117414	0.008507448	0.16836387	-0.100037016	0.1299103	0.017778622	-0.02845336	0.37203258	0.5238535	-0.21056926	-0.38593417	-0.29920107	0.40672943	-0.10741385	0.1712747	0.09149596	-0.23018563	0.26640135	0.54669183	0.7055322	0.40474036	-0.20407939	0.20479879	0.07548276	0.33369496	0.26965377	0.0867156	0.2611599	0.03610743	-0.25995082	-0.29593784	-0.2289121	-0.21029566	0.07360469	-0.031500842	-0.1095401	-0.13486703	-0.0048466185	-0.13520028	-0.036798846	-0.38886806	-0.46744016	0.59707874	0.08753417	-0.004809282	-0.3823335	-0.28453398	-0.1374992	-0.39773017	0.09113455	-0.15540162	-0.2908921	-0.18827146	-0.29447374	-0.18157509	-0.005530649	-0.17000723	-0.1782757	0.03817295	-0.40458408	0.07402237	-0.11699764	-0.3650425	-0.3594618	-0.35990566	-0.3220061	-0.49084896	-0.1829216	-0.4513566	-0.3796799	-0.31027272	-0.3723386	-0.18661089	-0.3530434	0.16618176	-0.29908806	0.089230485	0.27696377	0.21979606	0.12281931	0.5472141	0.13641566	-0.024289595	-0.30915567	-0.5189976	0.6024935	-0.2126155	-0.28949356	-0.04965824	-0.11709721	0.058995057	0.108106524	0.20689817	0.22572982	0.06437882	0.73448503	0.12865849	0.5132489	0.42120004	0.5639781	-0.11526355	0.023084078	0.28212473	-0.0041711912	-0.16779952	0.2714077	0.10482309	-0.08951538	0.05170042	0.23671137	0.26224628	0.22998752	-0.2645839	0.24247086	-0.1097162	-0.13988344	0.52238315	-0.15750529	-0.2334162	0.10251398	0.5543518	0.27456334	-0.14341798	-0.0615424	0.10327197	0.15016274	0.4361374	0.48185223	0.4311336	0.4510535	0.31466803	0.49896663	0.2308379	0.20174898	0.40369242	-0.06086817	-0.27019668	-0.24774808	-0.045105644	-0.333186	0.6619998	0.13366531	0.1931519	-0.16506356	-0.36994392	-0.19917683	-0.5103707	0.4906823	0.49029785	0.08937199	0.7431747	0.5706322	-0.015860248	0.123272575	-0.061850946	0.057051335	-0.3210395	0.04167991	0.12434318	-0.15807046	0.39001167	0.18082301	0.2699074	0.4223033	0.110449195	0.11698196	-0.10373682	0.4777355	-0.26718822	0.109420545	-0.2768591	0.21561311	0.35875595	0.16660696	-0.0020132947	0.104363054	-0.60637033	-0.31547338	-0.374044	-0.20210087	-0.41814733	-0.11452731	-0.09296904	0.0588194	-0.3984718	-0.43182427	-0.32695922	-0.49301782	-0.08103784	-0.33035052	-0.4172737	0.32282335	-0.03615874	0.23167059	0.094045825	0.016233088	-0.024848588	0.16215706	0.07109089	-0.08207574	-0.35253847	-0.08474978	0.33769098	0.20518394	-0.034147613	-0.05986318	0.08722767	0.24475437	0.22111996	0.2133547	0.35936782	0.19514704	0.18824767	0.22593671	-0.11082179	0.33009928	-0.086590685	-0.14749837	-0.15166755	-0.35709652	-0.2233671	-0.33940056	-0.40712655	-0.3668562	-0.27364787	0.015011895	-0.2746138	0.32325488	-0.047870923	0.5806081	0.01316223	0.21452343	0.21220069	0.19330104	0.055755068	0.05595456	0.18876603	-0.11348853	0.22209771	-0.06922734	-0.038525745	-0.21911809	0.008010359	0.52053976	0.4504813	0.32726365	0.46217912	0.73492855	0.75935054	0.1629253	0.3841249	0.42595574	0.5537061	0.37575877	0.17508537	0.51437265	0.70188546	0.7340634	-0.0038519627	-0.05906384	-0.004660502	-0.27842107	-0.17908962	-0.15701096	-0.09794036	0.12989165	-0.28553548	0.21619202	0.069882326	0.35178807	-0.009401726	0.4592822	-0.46767032	0.02150615	-0.46358964	0.23135784	-0.02495708	-0.38750443	0.083368786	-0.012688322	0.28765953	-0.18506515	-0.03692851	-0.2388704	-0.015427475	-0.26944995	-0.024761193	-0.32697737	0.23175666	0.33380598	-0.36666757	-0.54170626	-0.33684075	-0.48254198	-0.16862585	0.12478524	0.06677588	-0.07731317	-0.17911048	-0.08003729	-0.5090058	-0.035486404	0.326362	0.067961976	0.29508242	0.16151592	0.07115096	0.30638146	-0.21732867	0.0053553265	-0.46749124	-0.15767659	0.2863413	-0.21778731	0.33328605	0.15352282	0.42882052	0.30465916	0.15887076	0.463743	0.09993371	0.06540779	-0.2030982	-0.046386544	0.018113645	0.17772368	0.33876863	-0.14988808	0.015916286	-0.07091913	-0.3613329	-0.06454002	-0.31311253	-0.24711397	-0.28093377	-0.19421357	0.20864041	-0.05590134	-0.42923227	-0.29230326	-0.37254056	-0.4515927	-0.05515462	-0.29099512	-0.1709223	0.037014	0.21902719	0.0009513225	0.09875356	0.1004203	0.0322551	0.23547745	-0.14379998	-0.31586787	-0.20664066	-0.13868912	0.08595889	0.22221264	0.16467491	0.19605014	0.2593385	0.11440754	-0.042044807	-0.08747622	-0.08131321	-0.06256986	-0.006451855	-0.042566452	0.26254633	0.16817139	0.09538415	-0.02207187	0.20534311	0.09241689	0.1364027	0.10930603	-0.042271607	-0.06545501	-0.07361396	0.1219094	-0.09365132	-0.028596083	-0.004773535	0.36103442	0.065088406	-0.062078506	0.22083545	0.017579187	0.09015966	0.14974418	0.21933569	0.099450395	0.28495994	0.2036835	-0.07055803	0.14696255	0.36668918	0.49642798	0.4381771	-0.12398352	0.06369374	0.32964194	0.48290756	0.057553336	0.08988842	0.5496736	0.27223673	0.10051108	-0.018582746	0.1778719	0.24442695	0.22094843	-0.00012755388	-0.20866576	-0.10359792	-0.26474348	-0.37079376	-0.11263846	-0.34534532	0.025225246	-0.27802226	0.26625028	0.26019958	0.22025336	-0.19031331	0.15045413	-0.51232016	0.16731142	-0.5521291	0.07379596	-0.011639671	-0.359974	0.04586947	-0.058646906	-0.040520895	-0.28209487	-0.2196265	-0.31385878	-0.25808403	-0.4835695	-0.109249055	-0.38270226	-0.085473664	0.021383766	-0.57991606	-0.53756267	-0.39008197	-0.59285164	-0.34479496	-0.03257602	-0.13097644	-0.22788414	-0.2865565	-0.16533445	-0.51925784	0.015138817	0.43630943	0.35580865	0.21136306	0.07329316	0.12161576	-0.13648653	0.024977423	-0.27990904	0.26577988	-0.06359987	-0.24434763	0.13600902	-0.07302447	0.37725082	0.6915023	-0.07512263	0.010171582	-0.36543858	0.44598237	-0.3572835	0.37245724	-0.052524634	-0.07751771	0.41462648	0.18330552	0.42147058	0.13660885	-0.45125282	-0.22132024	-0.39834413	-0.08315982	-0.23060931	-0.22726291	0.08217786	-0.15319799	-0.4947873	-0.35267383	-0.4446236	-0.48242012	-0.012673224	-0.3341685	-0.40645862	-0.009845784	0.13493097	-0.05404747	-0.081374764	-0.11107555	-0.30195022	0.44161713	-0.06448353	-0.20246111	-0.4726613	-0.12669875	0.09227343	-0.095543414	0.22354177	-0.005065422	-0.023388619	0.011882829	-0.1164646	-0.048371494	0.07929492	-0.08262526	-0.12387607	0.07295769	-0.29242343	0.24083874	-0.13926382	-0.29905042	-0.25271988	-0.27696684	-0.19277696	-0.53118604	-0.23139888	-0.44605255	-0.44785428	-0.29449594	-0.44200596	-0.12008461	-0.3373463	0.5642121	-0.2113278	0.03425933	0.40929705	0.32418257	0.114006035	0.36082816	0.30948	0.022153828	-0.12587485	-0.36945498	0.30171016	-0.23688361	-0.04243167	0.38204017	0.350611	0.28425092	0.27280456	0.5491579	0.47530565	0.1566139	0.5855569	0.4298601	0.8620266	0.60530615	0.5976863	0.17755543	0.35468826	0.47568208	0.15580656	-0.032904096	-0.028397342	-0.09210752	-0.10039543	-0.053393636	-0.042515703	0.097468145	-0.057482187	-0.011568514	0.197097	0.15913787	-0.016974838	0.6123261	-0.50521266	-0.13250756	-0.20819245	0.64486295	0.16455211	-0.21152107	0.067560464	0.14624691	0.33905458	0.061446562	0.103361025	-0.020042581	0.116855174	0.04811845	-0.0006978751	-0.30575636	0.061251555	0.33131698	-0.40256956	-0.49833182	-0.4475988	-0.42647263	-0.14824674	0.48689687	-0.100850955	-0.09005807	-0.38333273	-0.29034033	-0.34728983	-0.30806246	0.0044893143	0.107077576	0.26724255	0.06310553	-0.16222277	-0.17025179	-0.097102575	-0.13581546	-0.33587667	0.06341842	-0.22314373	-0.30821443	0.35570484	0.5467724	-0.03531787	-0.22934514	-0.12516621	0.14898394	-0.2440578	0.043015476	0.19196416	-0.14909272	0.5994432	0.27839622	0.49083126	0.2006602	-0.079663806	0.34781978	0.16329393	0.2909522	0.2698377	0.07280902	0.39630547	-0.0170033	-0.17837366	-0.1931226	-0.1312888	-0.13772848	0.002141066	0.21969876	-0.0037417589	-0.11194228	0.18569136	0.13244352	-0.12987858	-0.048734542	-0.29263806	0.312111	-0.037365474	-0.09346501	-0.23637265	-0.24312738	-0.3163082	-0.29605713	0.29174638	0.23605146	-0.16443351	-0.20887895	-0.3820073	-0.29062465	-0.107229665	-0.27573365	-0.29963055	-0.31772217	-0.53015625	-0.02460331	-0.15644601	-0.31461653	-0.3155028	-0.2811837	-0.392835	-0.4151555	-0.049762376	-0.294654	-0.16615279	-0.2768346	-0.3235504	-0.35848388	-0.3491062	0.05789628	-0.28041044	-0.06368056	0.08693647	-0.1361502	-0.11481207	0.30431256	-0.13019715	-0.049666196	-0.36577728	-0.49996948	0.49742413	-0.07557262	-0.18475205	-0.124575116	-0.29267606	-0.12469109	-0.07879288	-0.0044058054	0.00516471	-0.10389866	0.4074722	-0.07961594	0.34768355	0.17399253	0.70836395	-0.19548476	-0.17840149	0.05140887	-0.051935956	-0.16777694	0.11739051	0.2739049	-0.24773431	0.216477	-0.025269557	-0.09237359	0.22263211	-0.4742759	0.19169128	-0.46977732	-0.3498476	0.10927279	-0.13886106	-0.49190775	0.02107203	0.24226145	0.27969807	-0.16110052	-0.22977	0.27001777	0.030305719	0.24976705	0.2933259	0.3525861	0.21658544	0.052190423	0.2852832	0.19977237	-0.013079235	0.3082928	-0.033685226	-0.15497155	-0.26602706	-0.038279362	-0.3488906	0.32997966	-0.008521326	0.04678143	-0.19149987	-0.29689813	-0.26902094	-0.4790052	0.6415569	-0.298049	-0.07636226	0.023896908	-0.024078637	-0.2067893	0.2733572	0.022046436	0.043194428	0.19294132	0.17861012	-0.01634651	0.3275917	0.1922178	0.112444505	0.018794488	0.46016583	-0.14059609	0.119968265	-0.2774447	0.29339585	0.17179278	0.22787938	-0.1385711	0.23041281	-0.45201528	-0.3322382	-0.22260693	-0.058989562	-0.25827542	-0.117207065	-0.13163257	0.033732466	-0.21167643	-0.19467053	-0.07607691	-0.23756415	-0.06768522	-0.3035407	-0.38284233	0.47879854	-0.03232373	0.32510865	0.027880933	-0.017245306	0.12750061	-0.023239579	-0.0023822072	-0.010521572	-0.18607245	0.05302384	0.35924855	0.08657933	-0.25394708	-0.22599585	0.018196765	0.1826526	0.28048334	0.31644005	0.33909243	0.20030236	0.20094278	0.24557579	-0.14160386	0.1227158	-0.11751143	-0.21765563	-0.28836823	-0.40592825	-0.3522809	-0.29186407	-0.3787588	-0.4143205	-0.36059442	0.15906437	0.054525677	0.4271482	0.05275735	0.4771257	0.20500804	0.05161263	0.026703877	0.0717099	-0.03407922	-0.06822387	0.18029106	-0.28369135	0.16932096	-0.10226249	-0.18548933	-0.3889924	-0.1318867	0.38799793	0.39651394	0.4762437	0.6325344	0.7276361	0.6571407	0.16524671	0.34257942	0.34920555	0.41756055	0.32679537	0.09862459	0.66998625	0.8407341	0.75804067	-0.09794656	-0.24035361	-0.032424174	-0.17499773	-0.054354053	-0.2250636	-0.045457058	0.028039085	-0.14171185	0.12518544	-0.16879249	0.45777094	0.27921686	0.36748	-0.27320674	0.0350302	-0.26512104	0.1246326	-0.030078916	-0.22203901	0.1196314	0.060548145	0.42393932	-0.16897261	0.09790048	-0.08127547	0.112228304	-0.1553851	0.006392578	-0.14482225	0.28051144	0.26756412	-0.17842436	-0.27835435	-0.20475274	-0.34097114	0.08629812	-0.015243347	0.013900607	-0.16709644	0.11482488	0.19908334	-0.2891939	0.16598377	-0.14948696	-0.067899756	0.031186108	0.046333656	-0.32121864	0.085575595	0.03464799	0.0055979732	0.08417326	0.123469606	-0.1254569	0.28913835	0.12520419	0.10530148	0.09219549	0.6335154	-0.121815145	-0.020848975	-0.35167524	0.10303204	0.29945704	0.31626874	-0.19867201	0.4485401	-0.4841648	-0.15298975	-0.077139206	0.14302859	-0.19862846	0.26705182	0.07206594	0.41083932	-0.22540084	-0.08976731	-0.118581235	-0.208218	-0.20004958	0.076661855	-0.21987794	0.45011455	0.066869155	0.2939929	0.12502736	0.022994421	0.16461161	-0.10149749	0.33452806	0.24080719	-0.3061305	-0.2893781	0.24429925	0.13531326	-0.109212525	-0.1289818	-0.10307148	0.12107313	0.10706204	0.32558548	0.33266494	0.2003201	0.1657706	0.14158773	-0.17620371	0.09861927	-0.02087931	-0.22787741	-0.28274208	-0.3324894	-0.2823953	-0.12059097	-0.31260565	-0.27879277	-0.27850714	0.055744555	-0.046711557	0.19541183	-0.050574906	0.19167283	0.079806276	0.08792345	0.09921731	-0.16485581	-0.07117278	-0.05480652	0.14211613	-0.16381186	0.03226068	-0.12594548	-0.12060582	-0.35571682	-0.13091546	0.1300632	0.25689185	0.30819657	0.3526082	0.37569746	0.34626022	0.024730563	0.12902182	0.15526517	0.19851707	0.2768966	0.13751005	0.53245234	0.5392044	0.73323214	-0.14132039	-0.17033581	0.063195184	-0.031487405	-0.110016465	-0.39136392	-0.008200994	-0.13106577	-0.07722088	0.05619697	-0.13563474	0.24886467	0.106395	0.40575117	-0.2651947	-0.021585533	-0.30259377	0.056660976	0.012689067	-0.17638166	0.079193376	0.16573377	0.32965246	-0.14014247	0.1705967	-0.10141403	0.2173088	-0.28569177	0.05126096	-0.02116569	0.58218056	0.55605996	0.025974678	-0.30509883	-0.18279885	-0.27086496	0.032554764	-0.265785	0.27218848	0.016775526	-0.04603929	-0.044251673	-0.49012318	-0.08028728	0.47055078	-0.32298076	-0.2226283	0.12289779	-0.35512754	-0.29270622	-0.05905457	0.035159577	0.035787523	0.253027	0.16925158	-0.1529796	-0.21701123	-0.23127097	-0.043683335	-0.24648626	0.08038664	0.15641862	-0.03436208	0.27268702	-0.003957321	0.1931441	-0.115857944	-0.114523046	-0.062240727	-0.045549463	-0.018073017	-0.04760578	0.19002709	0.20620424	0.051408403	-0.010123389	-0.3512631	-0.11699251	-0.2085171	-0.14520831	0.07894404	0.027377594	-0.27482298	0.031562775	0.14766702	0.04674361	0.001100336	-0.29364926	0.07652735	0.14289041	-0.100968525	-0.17847697	-0.1767098	-0.22243738	0.11572409	0.1696049	0.4584	0.10622614	-0.074409276	-0.15919013	-0.12928796	-0.13136935	-0.07172585	-0.0953397	-0.15834081	-0.1123114	0.26266414	-0.2112507	0.021648118	0.09218764	-0.020737877	0.056344137	-0.13914123	-0.0998333	-0.147453	-0.09926676	-0.13773738	-0.28241816	-0.15988465	-0.16600761	-0.0058845277	-0.21014938	0.26514974	-0.035093985	0.06193907	-0.025462812	0.16628772	-0.06920471	0.25312766	-0.24296993	-0.020689595	0.25409105	0.11995398	0.0772732	-0.09777194	-0.10727923	-0.1342621	-0.23559602	-0.14061679	-0.19774196	-0.1650655	0.11324942	-0.09172721	0.1274374	0.054364234	0.26263544	-0.28601775	-0.20994338	-0.18367223	0.26760882	0.46066773	0.2713622	0.13935342	-0.17738006	0.44580755	-0.14295687	0.055671733	0.0174123	-0.06393887	0.14457427	-0.32288733	-0.18855758	-0.16420285	-0.016992966	-0.30630943	-0.063151196	0.13126151	-0.027978748	-0.11135353	-0.18719505	0.0324056	-0.23229189	0.06621139	0.0886544	0.08494498	-0.05890691	0.11035675	-0.03958314	0.014223913	-0.053689443	0.01827307	-0.04277429	-0.11811323	-0.21433471	-0.0035956313	-0.35954684	0.1634911	0.141436	0.23943713	-0.2719196	-0.23904304	-0.17724365	-0.327255	0.08210959	0.045705643	-0.08695947	-0.056149766	-0.029655727	-0.09137611	0.2473051	0.02885984	0.29452747	0.31007805	0.045818865	-0.054362286	-0.015275314	-0.00385762	-0.19894557	0.15559116	0.14393273	0.3812278	0.38297352	-0.15295976	0.119234644	-0.11167934	-0.2743243	0.0108820535	-0.27893084	-0.14699432	-0.17136107	-0.002243112	0.47088653	-0.08135158	-0.2954022	-0.34921226	-0.32572192	-0.3647648	-0.15608388	-0.24308293	-0.27111408	-0.09524686	0.03633869	-0.10014019	0.4088014	0.14537637	-0.14396574	0.0008866183	0.03711449	-0.16751249	-0.25294176	-0.2369805	0.036418945	0.22659081	0.29214635	0.45679423	0.32741916	0.13240367	0.085401945	-0.052389532	-0.11751737	-0.004900199	-0.013027325	-0.022663197	0.121295236	0.24065831	-0.23641793	-0.024027359	0.22954336	0.106351696	0.31016925	-0.013111595	0.114061885	-0.03710819	-0.07503355	-0.104978785	-0.23697586	-0.17158037	-0.16122922	0.13000605	-0.15167332	0.09019317	0.11052761	-0.06813067	-0.1027607	0.039376087	0.15955268	0.228903	-0.075418025	0.13729632	0.18032576	0.23231824	0.15393384	0.04909411	0.060397062	-0.09667758	-0.06975839	0.076607615	-0.0025254083	-0.13064882	0.051959243	0.35147393	0.14071131	0.10611602	0.16038667	0.020004634	0.01720642	0.013595973	0.66846097	0.32036722	0.21314639	0.2153319	-0.2704914	0.10781078	-0.13361348	-0.12635933	-0.0076061366	0.13682097	0.2521079	-0.02807221	-0.2355662	-0.030562418	-0.25120988	0.08581542	-0.09708998	0.17653827	0.1954363	-0.11409621	0.35786822	0.2792698	-0.14276381	0.037130076	-0.15665066	-0.09325201	-0.1938865	-0.11448564	0.0062994184	-0.22812645	-0.047115542	-0.05414705	-0.24996497	-0.24994123	-0.22522542	-0.24276425	-0.17943785	0.00329064	-0.08262043	-0.13573286	-0.31187	-0.18000679	-0.30215317	-0.07634119	0.6441392	0.33048838	0.2642815	0.068739235	-0.16230604	-0.2200146	-0.14293805	-0.19823104	-0.10463599	0.14068969	-0.021944022	0.20339338	0.050890293	0.19065051	-0.0012401767	-0.20964666	0.09616137	-0.1324807	-0.1005318	-0.13137905	0.048992887	0.16376062	0.027785886	0.06973292	0.2658489	-0.04171384	0.094268955	0.026650045	0.11376637	0.23971252	0.47806758	0.21722543	0.2752354	-0.008096522	0.1873773	0.085920095	0.26133206	-0.0055066273	-0.060800254	0.12903737	0.18649872	0.2286515	-0.1567476	0.015853934	0.3830264	0.16206026	0.07475284	0.018455327	-0.16670439	-0.08392848	-0.27970082	-0.09901039	0.0061871903	0.08708906	-0.019194005	-0.024476312	-0.048985712	-0.15518509	0.015740054	0.043455247	0.0045744767	0.13455646	0.14555535	-0.07712857	0.16230927	0.06051446	0.18378446	0.10891172	0.16651864	0.012658392	0.015081557	0.15778358	0.12376282	0.20399342	-0.11275948	-0.040441547	-0.0032728747	-0.008218758	-0.18423127	0.010166158	-0.10697428	-0.04091927	-0.053691473	-0.08075571	-0.010245265	-0.059660513	-0.0049906257	0.04290227	-0.08487062	0.06379259	0.0553472	0.049300645	0.022803687	-0.0007562547	0.11511695	-0.12591739	0.10088765	-0.19500478	-0.012895118	-0.1462111	0.094348475	0.055134412	0.047442548	0.06043837	0.18510205	-0.021869415	0.113179564	0.4516914	-0.2033027	0.5012867	0.12690677	0.016456207	0.01644016	-0.018114509	0.100017354	0.20933458	0.07420868	0.18253988	0.058673065	0.04308434	-0.14566211	-0.09489181	0.15394859	0.21257389	0.0060583856	0.089511596	-0.017349046	-0.07353653	-0.032051764	0.077401325	-0.011427077	-0.03668748	0.08526897	0.1758046	-0.000978261	0.18196717	0.1487941	0.35681504	0.14245844	0.36692634	-0.2280235	-0.021626858	0.018123759	0.18910152	0.1860903	0.1536947	0.10163646	0.114305966	0.19476306	0.1848117	-0.3117321	0.046953075	0.036027186	0.05499194	-0.03689432	0.024690641	0.25051808	0.07922479	0.113761134	0.04700877	-0.03142953	-0.29988235	-0.02157118	-0.10811799	-0.14384618	-0.09405202	-0.0779846	0.06827714	-0.09213848	-0.07307411	0.04147441	-0.21939145	0.02095959	-0.071352504	0.16997498	-0.007492616	0.31393278	0.0392985	0.033523556	0.10358109	0.08139107	0.030288864	0.05938443	0.048618667	-0.20475353	0.07567067	0.030664604	0.1087863	0.030376982	0.10182946	0.3440183	0.002790826	0.16528042	0.060135264	-0.2064381	-0.01866115	-0.32066113	-0.17115396	-0.0060201106	0.05902442	0.079236746	0.14745376	0.075720035	-0.062350586	-0.06558735	0.08503333	-0.04120879	0.23290478	0.15134723	-0.07200692	0.14165784	-0.024042578	0.20655537	0.05799338	0.23838791	0.1071331	-0.054986235	0.018631391	0.12476304	0.19431086	-0.058331903	-0.03495034	-0.09524194	-0.011134354	0.063104674	0.14721973	-0.043073498	0.029250925	-0.04187705	0.12074765	0.111268185	-0.13668354	-0.101002134	0.2341254	0.0803992	0.21775562	0.045415655	-0.02686397	0.03610159	0.095067926	0.18547629	-0.1567507	0.103891544	-0.06663171	-0.0090845805	-0.24240597	0.11064812	0.039513372	0.14526993	-0.06059381	0.22955367	-0.07816195	-0.106543116	0.36160916	-0.31005305	0.33990693	0.2945451	-0.14146714	0.16576731	0.08972127	0.1362441	0.0962256	0.26542097	0.008452855	0.11005194	-0.13327098	-0.081435524	-0.13421333	-0.013488862	0.12649341	-0.19047217	-0.016585302	-0.14575185	-0.16911097	-0.19911173	-0.015928492	-0.07438961	-0.2078186	-0.11043929	0.17392246	0.110028066	0.005007381	-0.08786663	0.2764366	-0.031820085	0.167515	-0.15431929	0.08262831	0.073274	0.073341995	0.076821595	0.007719803	0.048133265	0.18385942	-0.121408075	-0.087443314	-0.3522521	-0.21856126	-0.23494087	-0.24635884	0.01996495	-0.31940848	-0.035307426	-0.22054529	0.35985798	0.012275533	0.01563959	-0.15922962	-0.38762984	0.003268876	-0.07003869	-0.012649059	0.41937262	0.018198749	0.31446144	0.29381287	0.11831725	0.3318866	-0.087483995	0.22729471	0.64589113	0.45354512	0.5788835	0.50114065	0.30350932	0.31599241	0.33642405	-0.107322164	0.019621985	0.064291865	-0.06832304	-0.046658114	0.003986885	-0.06712082	0.16009055	0.38668302	0.3476149	0.26851192	-0.22378254	-0.34692362	-0.21199079	-0.23446251	-0.20360266	-0.2887848	0.011734175	-0.029827697	-0.011006463	-0.07483304	-0.07510173	-0.18344188	-0.15059935	-0.034460012	0.088925585	0.3450943	-0.15753987	0.1727055	-0.10870746	0.08572298	0.0053725927	0.07649851	0.10224503	0.03070655	0.1709775	0.23280326	0.23136175	-0.25145888	-0.1751884	0.12377189	-0.19472972	-0.03871172	-0.17036329	-0.16508062	-0.40744117	-0.2529088	-0.34505147	-0.17001162	-0.06140924	-0.008398759	-0.23775719	-0.31333175	-0.3235892	0.06717567	0.030961806	-0.17637615	-0.29888147	0.020863142	-0.1215099	-0.16017535	-0.30846506	-0.20990843	-0.20334862	-0.2596998	-0.20757312	-0.2614321	-0.12391945	0.26392955	0.37763345	0.028353862	0.61496985	0.13858616	0.45255283	0.3281815	0.0032721853	-0.32995924	-0.16345431	-0.23637488	0.18292254	-0.23090525	0.6219711	-0.17119531	0.21911283	-0.24404581	-0.22994664	0.101609185	-0.20840837	-0.2468237	-0.15493742	0.14259109	0.08892368	0.122488014	0.15535694	0.4072067	0.10039292	0.3346226	0.19158585	-0.006198296	0.39399672	0.47252098	0.48444602	0.41496846	0.11474319	0.08598574	0.23193082	0.31305623	0.4134793	0.28616366	0.48223758	0.016592063	0.0770173	-0.0959904	-0.09582217	-0.09161987	-0.15590048	0.12304672	0.15571041	-0.019555917	-0.08908786	0.19376133	0.041849084	0.2264981	-0.19169775	0.0039629787	-0.124818124	0.029913167	-0.030166999	0.11691877	-0.07894888	-0.21742319	-0.10310832	0.098628	-0.18332088	-0.060104527	-0.15539055	0.08091108	0.15373284	0.27643704	0.24088371	0.08355357	0.10403209	-0.22813208	-0.23577885	0.17288424	0.23186377	-0.013753154	0.14493066	-0.031017376	0.034071628	-0.044918496	0.15512958	0.22088708	0.06658365	0.20021184	0.18501781	-0.23413472	-0.19434765	-0.37810054	-0.017554006	-0.084360726	0.15918347	0.2174523	0.103229634	0.045427386	-0.017972114	0.2063149	-0.12215465	0.027504524	0.104422405	0.0038390139	-0.21305974	0.05550453	-0.07126663	-0.07997671	0.055605985	0.004989125	-0.078719676	0.111912824	0.2696916	0.27486014	0.21942095	0.1918428	0.080158316	-0.044197887	0.17921881	0.052117404	0.11395868	-0.039949413	0.16721256	-0.17349361	-0.18328641	-0.1929257	-0.05396258	-0.21911554	-0.14108486	0.20485806	0.21214366	0.56792116	0.46935582	0.37835935	0.093078405	0.17359376	0.12509808	0.34325415	0.23902225	0.22133152	0.027610332	0.23690325	0.28366405	0.22457334	0.04599788	0.030696616	0.076344565	-0.20769693	0.39103788	-0.31545207	0.16349211	0.15469933	-0.00860621	-0.0009774397	-0.11850584	0.25602734	0.29786924	0.20431918	0.047359824	0.14249696	-0.014468889	0.1483048	-0.023297062	0.032134358	0.1817738	-0.10596867	0.2694221	-0.0043125907	-0.01799372	-0.13298985	0.1474413	0.09061926	-0.029600952	-0.059313957	0.2017958	-0.019175354	-0.055271357	0.04652369	0.19860369	-0.13863213	0.31778574	0.12298318	-0.011007829	0.008555141	0.17209654	0.34593782	0.17775026	0.17063622	-0.010142554	0.36074305	0.1427736	0.09882217	-0.0562777	0.24638261	0.33721387	0.18799928	0.05642452	0.3694319	-0.039046783	0.055396307	0.11048649	-0.1809677	-0.20088048	-0.2605931	-0.1749942	-0.083333805	0.10074319	-0.2948232	-0.086141415	-0.3186993	-0.046199687	-0.14431138	0.10162011	-0.121588	0.051094744	-0.14587387	-0.1341763	0.1854503	-0.16085713	0.21565606	0.038612906	-0.0520585	-0.2522068	0.36663452	-0.013463205	0.21232815	0.079530664	0.16775283	0.15319128	0.046703782	0.021524886	0.13025467	0.07507557	-0.057161395	-0.17329587	0.18846928	0.07379467	0.18976106	0.17331421	0.118329175	0.16968404	0.24035369	0.22224474	0.30593058	0.041319456	0.37878564	0.23185802	0.25273693	0.3147336	0.3026243	0.34874684	0.083053574	0.27313095	0.29417917	0.29389617	0.104602516	0.17241345	0.24320903	0.056927245	0.12289166	-0.045679588	0.076032065	0.14869155	0.10212689	-0.039323553	0.091592714	-0.024310667	0.23257639	0.23875092	-0.33274382	0.21050198	0.18866763	0.3068018	0.24514294	0.03609139	0.06330225	0.0677457	0.099094264	0.17437318	-0.21723427	0.17745143	-0.116580114	-0.0042745615	-0.41622064	-0.019967888	0.050433766	0.011544345	-0.2235845	-0.31744492	-0.12960918	-0.4364213	-0.06415973	-0.26073807	0.033992294	0.17750804	-0.32247815	0.31800318	0.057944007	0.35021338	-0.011378916	0.1483649	-0.2215284	0.51927316	-0.37720338	-0.0636075	-0.07614488	-0.1833724	0.15910605	-0.29949045	-0.25473094	-0.2663995	-0.33623204	-0.4523649	-0.27680618	-0.28972903	-0.009923972	-0.30284804	0.008712094	-0.031213483	-0.33522105	-0.28555775	-0.12643829	-0.25264513	-0.098052405	-0.10513338	0.1794783	0.07770692	-0.04340354	-0.027555782	-0.17898066	0.18980835	-0.0133490525	0.2034066	-0.027679699	0.07012774	0.25247848	-0.29890665	0.36224136	0.01566362	0.22921033	-0.07580689	0.41089892	0.29464605	0.10665219	0.31723186	0.22055234	0.31390142	0.12376781	0.39503804	0.342371	0.36131477	0.57843643	-0.004497376	0.1102106	-0.09327545	-0.015797958	-0.17813915	0.036854014	0.05079787	-0.17484586	-0.087774895	0.17820998	-0.05732025	-0.24115393	-0.11898893	0.16073279	-0.23789093	-0.1064663	-0.16756019	-0.057493933	-0.02287316	0.10625636	-0.05166312	-0.18439631	-0.30154428	-0.029609464	0.028211398	-0.23627643	-0.13851947	-0.24484366	-0.1441869	-0.16505845	-0.21898945	-0.1634416	0.0390018	-0.22934817	-0.16597703	-0.21559764	-0.31758535	-0.122115254	-0.20043825	-0.14675958	-0.07825319	0.056140568	-0.11111325	-0.0954625	0.026720744	0.14924565	-0.19202909	-0.1709024	-0.21894777	0.081256256	-0.11149201	-0.25249988	-0.089150436	-0.0090925135	0.21248016	0.16511133	0.1399337	-0.12658551	-0.15186056	0.1547494	-0.0898508	-0.148189	-0.3254588	-0.21900463	-0.0039004455	-0.073593296	-0.23629919	-0.22390005	-0.27686042	0.04974327	-0.3165506	-0.17886424	0.020348169	0.090316094	-0.041369915	-0.07692301	-0.11483544	-0.030049939	-0.31536454	0.054933578	0.28346607	-0.19893473	0.12531036	0.019953685	-0.2101299	0.538112	-0.051176786	-0.089025185	-0.09683866	0.18156095	-0.14231518	0.10667901	0.05622541	0.32189593	0.006149127	0.32102498	0.315392	0.074414745	0.23780237	-0.06345265	0.34173757	0.369403	0.5618326	0.24946024	0.17118132	0.42671445	0.43421265	-0.16889437	-0.1105393	0.114625834	0.0670182	-0.068977356	0.23426849	-0.08377019	0.033506513	-0.012709447	0.03126417	0.046143744	-0.023042576	0.14589763	-0.014096455	0.63127065	0.49332497	0.21586215	-0.18056393	0.2804299	-0.15710478	0.0725049	-0.015049348	0.09908524	0.015955595	0.22213233	0.14103664	-0.17241469	0.13156311	-0.28629977	-0.40096432	-0.06629028	-0.502253	-0.5137487	-0.29122552	-0.2279515	-0.14827147	-0.15464495	-0.46653703	-0.5897211	-0.53874403	-0.6009243	0.001476623	-0.5542351	-0.40746215	-0.10976846	-0.3787305	-0.16271338	0.4493844	-0.19538552	-0.18439981	0.26744106	-0.074951194	-0.24064285	-0.4683905	-0.20888162	0.12891786	0.28107062	-0.08837934	-0.033843797	0.17855905	0.21139851	0.17417082	-0.017150542	0.07277157	0.12366465	0.16207434	0.34256315	0.3584473	-0.0149903055	-0.08246056	-0.18584494	0.30818635	-0.11714359	0.17090552	-0.0066840737	0.07124475	0.057251066	-0.0040850253	-0.01508821	-0.25661507	0.05591703	-0.04745137	0.108765274	0.052974425	-0.0037743878	0.14119029	0.28366038	0.25530654	0.13837524	0.45644087	0.30737588	0.5431882	0.43366554	0.10132278	0.2184015	0.21810345	0.35180038	0.32852936	-0.048737437	0.0602228	0.26579067	0.29404026	0.09189902	0.18925807	0.16061814	0.23746814	0.22523838	-0.09176101	0.1468689	0.28160763	0.19954604	0.08632696	-0.13335556	-0.16638197	-0.26359197	-0.48896927	-0.08331732	-0.23218979	0.02210308	-0.20173849	0.6774225	0.3428941	0.43628567	-0.18468149	0.23881945	-0.51601976	0.2750887	-0.21025847	0.30218226	0.24711712	-0.26088983	0.3049851	-0.033233017	-0.2016586	-0.030338617	-0.33079657	-0.19956508	-0.41424942	-0.19052468	0.0732296	-0.46516508	-0.12578222	-0.017966844	-0.46892306	-0.5006517	-0.41953555	-0.40110734	-0.28455648	0.11753928	-0.1287587	-0.09575767	-0.24987139	-0.30078572	-0.4333939	0.010028103	0.26226568	-0.028024385	-0.19332401	0.22488585	-0.073200695	0.08962698	-0.099645264	-0.19880703	0.017215634	0.1198363	-0.089352764	-0.02699332	0.14226429	-0.10809885	-0.3329731	-0.16151047	-0.22059552	-0.25307503	-0.088391416	-0.14019974	-0.23606414	-0.08549362	-0.2388887	-0.4547013	-0.31938854	-0.43463525	-0.18349746	-0.39587966	-0.22364855	-0.04758938	-0.3425261	-0.07443794	0.30422553	-0.26481274	-0.22468178	0.21054022	-0.05002826	-0.09752628	-0.38217226	-0.18914217	-0.0014267203	0.19369209	-0.22640876	-0.015572885	-0.013806634	0.11971994	0.032232367	0.020548707	0.025048042	0.2010151	0.131437	0.40313992	0.38328695	-0.074167274	-0.14204094	-0.10683803	0.22918497	-0.12382051	0.091679305	0.10212642	0.12813224	-0.0057718544	-0.10865831	0.092979334	-0.04235192	0.08346114	0.039347358	-0.07716691	0.20176229	-0.048819225	0.04281031	0.27705666	0.5150926	0.33353138	0.49900112	0.49431372	0.5664992	0.474162	0.09935427	0.15521674	0.29665768	0.20386022	0.34977704	-0.010473936	0.007520798	0.11714761	0.07262599	0.033360843	0.14937617	-0.09151243	0.020076439	0.10184022	-0.19787505	0.14822859	0.21019943	0.046576288	-0.080964744	-0.0940253	-0.155637	-0.18878558	-0.30538526	-0.020806218	-0.053134553	0.1060824	-0.0076123932	0.69582474	0.26764023	0.36702326	0.005082842	0.092746295	-0.2954414	0.17604898	-0.19402343	0.10334323	0.1154554	-0.117259026	0.08412018	-0.19257338	-0.24596074	0.000982754	-0.022626907	0.014957786	-0.22983028	-0.18378013	0.029565861	-0.14606757	-0.109293364	-0.11345852	-0.2581425	-0.35693133	-0.24205665	-0.18982589	-0.25916514	0.027426165	-0.020787522	0.10462308	-0.12573668	-0.23168571	-0.33234373	-0.06929884	0.43692586	-0.13835032	0.09483832	-0.16370049	-0.036639266	-0.2579887	-0.047623582	0.16350852	-0.0044508018	0.3617887	-0.08796981	0.53972346	-0.17946635	-0.2885357	0.2509461	-0.19184536	-0.1925008	0.0457186	-0.17402346	0.2214649	-0.18634835	-0.4213601	-0.5453245	-0.45977807	-0.49354458	-0.083307736	-0.29568964	-0.19531472	-0.36629114	-0.03256352	-0.2989761	0.2152731	-0.30786175	-0.4696009	0.5269677	-0.08570856	-0.2510825	-0.4340236	-0.19654046	-0.22160055	-0.13529427	0.20913348	0.12260422	-0.03920689	-0.16697462	-0.22366282	-0.32150215	-0.25471443	-0.25116506	-0.22326769	-0.06838309	0.04896798	-0.0994928	-0.017088925	-0.2272955	0.14194942	-0.0978463	-0.014873101	-0.12506683	0.17611013	-0.023697592	-0.08628496	-0.17860653	-0.35148975	-0.2388287	-0.1251046	0.04085622	-0.20679803	-0.17421265	0.25470856	0.22144647	0.18843883	0.35461506	0.21635549	0.21904038	0.18259224	0.06253325	0.40288892	0.23001254	0.27262408	0.23059106	0.12544613	-0.29129148	-0.12367227	0.072060905	0.22111551	0.037273485	0.3949318	0.21026136	0.30893412	0.14541301	0.19476792	-0.2022324	-0.092477776	0.006901079	0.06504602	-0.1320696	0.019945242	-0.09184556	-0.35033342	0.10430834	-0.093696415	0.14493677	-0.14503698	0.2492408	0.70984954	-0.037416995	-0.3668904	0.22996727	-0.37747458	-0.079101704	-0.23495974	0.25863388	0.25842452	-0.3026905	0.030494709	-0.07518175	-0.21682875	0.1974335	-0.1570532	0.008538825	-0.24684969	-0.08112166	0.22701673	-0.20316406	-0.19831012	0.0405979	-0.4040556	-0.40756947	-0.28415132	-0.31938252	-0.50971115	0.37928024	-0.112847514	0.03560684	-0.27315822	-0.3565642	-0.4712603	-0.29507074	0.16620344	0.0261865	-0.053089995	0.36885524	-0.28691486	0.31200543	0.096514754	0.24303488	0.7545572	0.16894811	0.42639622	0.26094425	-0.48404944	0.023636786	-0.2847152	0.068138264	-0.10907177	-0.10282249	0.31401578	-0.11482784	-0.51874065	-0.38586554	-0.47070584	-0.54227346	-0.18013337	-0.30562797	-0.39392313	0.012595782	0.06076798	-0.056954477	0.21473399	-0.06648922	-0.26486883	0.23992531	-0.13190573	-0.22466737	-0.5346213	-0.2982291	-0.05883318	-0.12515083	0.349344	0.14621343	0.03238228	-0.01980668	-0.20489101	-0.20271711	-0.09605536	-0.3047122	-0.31599373	-0.008227194	-0.40392038	0.10220777	-0.29311347	-0.3920581	-0.33495772	-0.2557562	-0.31174785	-0.48948815	-0.17465624	-0.38755915	-0.41338798	-0.36623892	-0.41937625	-0.30751473	-0.45051286	0.3199503	-0.22483033	-0.07531413	0.33355933	0.07251498	-0.046579458	0.36556762	0.36839345	0.13365111	-0.258587	-0.4393347	0.38984078	-0.21549009	-0.049720813	0.12014501	0.12779257	0.13621575	0.14780203	0.31478053	0.28956926	-0.116520435	0.42997593	0.3021304	0.61989063	0.7062654	0.67098415	0.059572626	0.26918018	0.4362939	0.24174675	-0.16667587	0.056890234	0.20670559	-0.2835517	0.026836801	-0.15097892	-0.1658453	0.22216107	-0.051594775	0.2708665	0.1419553	-0.016582035	0.44938374	-0.48421323	-0.05926759	-0.0903352	0.58559805	0.50503117	-0.04470097	0.33059028	0.50137204	0.2367257	0.23537664	0.119484216	0.13733527	0.10537857	-0.10354146	0.2852712	-0.16453035	0.062751845	0.2764278	-0.3275056	-0.4822617	-0.5302635	-0.33305824	-0.17325826	0.26512215	-0.16992335	-0.11937944	-0.3900039	-0.32466698	-0.46854106	-0.31317213	0.19416481	0.53089505	0.0063564493	0.17543238	-0.0058655557	0.007841089	0.46759942	0.25584754	-0.11729056	-0.22283342	0.045583207	0.007758937	0.07753822	0.027695742	0.18192144	-0.022216266	-0.05802091	0.09562131	0.09135129	0.058347546	0.2139972	0.19749326	0.03614962	-0.006310025	-0.022283789	0.105244644	0.29481912	0.17287499	0.1592797	0.30167207	0.42565653	0.4420972	-0.34726968	-0.028007587	0.09116285	0.36578763	0.30737355	-0.014247485	-0.1723501	0.036145154	0.011781464	0.030039122	-0.011339148	0.015069878	0.035080872	-0.049922466	-0.18130063	-0.10430644	-0.08399568	-0.1888167	0.15900117	0.14925732	0.25196275	-0.074151434	0.30914345	-0.035770703	0.18209726	0.0024114018	0.18285438	0.15444648	0.24667022	0.2253955	0.19102167	0.19162613	0.039117716	0.09480647	0.14498171	-0.120882235	-0.25024253	-0.20928997	-0.13321489	-0.05814134	-0.14698325	-0.2073538	-0.14297965	-0.28776348	-0.030300647	0.05415416	0.016128989	0.020417213	0.16576952	0.22527593	0.024324758	-0.0024986751	0.0070948927	-0.2652758	0.15393367	-0.13484608	-0.024707727	-0.114573814	0.111478515	0.12565129	0.082768895	-0.05050162	-0.22359616	-0.053245537	-0.089756794	0.05437073	-0.10299552	-0.0539164	-0.17438538	-0.0061625354	-0.1584729	-0.21129315	-0.004825972	0.3115169	-0.15229058	-0.027614271	0.122561336	-0.2821311	-0.29113832	-0.044484027	0.025461817	0.15528707	0.14787872	0.05188291	-0.1612605	-0.10214045	-0.08450283	-0.008773276	-0.25123414	-0.021218652	-0.009614456	0.04827997	-0.10829604	-0.14368378	-0.07520104	0.021720082	-0.22414823	0.10401735	-0.3223602	0.00072674843	-0.05266469	0.09500884	0.21619506	-0.045318216	0.33638525	0.25197893	-0.0779666	-0.0582285	-0.07733485	-0.24786203	0.14017574	0.021031164	-0.43444064	-0.30662286	-0.23782074	-0.14652845	-0.2517089	-0.26569417	-0.36203286	-0.40344617	-0.21506661	-0.046491846	-0.00077976746	-0.091211654	0.08351304	-0.11918784	-0.14279176	0.017203376	-0.073889524	-0.11582063	0.1588453	0.21824181	0.019501325	0.1179689	0.29006097	0.34668073	-0.03714928	-0.1662775	-0.16488133	-0.028348077	0.091922544	0.031299464	0.2273118	-0.053516064	-0.09479771	0.029886754	-0.011476213	0.027479868	-0.03431765	-0.008165454	-0.017057156	-0.020272076	0.024245637	0.40483633	-0.23762701	0.20774509	-0.004396968	0.18556492	0.120604716	-0.011456781	0.42085582	0.07269428	0.23591521	0.060780115	0.18968983	0.13278176	-0.05658339	0.09549002	-0.07481475	0.20214473	-0.27327132	0.05133859	0.04825089	0.086251	-0.1351646	0.10572088	0.008761543	0.4953308	0.43292168	-0.33343142	-0.041108765	0.47149342	0.22877263	0.4662612	-0.18007605	-0.08123975	0.033985864	0.12649645	0.08539696	-0.25812316	0.1608649	-0.09454773	-0.053862784	-0.26273677	0.09016618	0.107620224	0.049225	-0.113423906	-0.1171884	-0.33535293	-0.2028433	-0.14509554	-0.20905833	-0.36666158	-0.042958204	-0.38667902	0.40559396	0.22744058	0.33773926	0.13186742	0.03564169	-0.23419617	0.20293266	-0.39465865	-0.19492696	-0.13270283	-0.052165702	0.08112794	-0.059207022	0.04059645	-0.331192	-0.43994603	-0.4365213	-0.39053982	-0.41158846	-0.3335386	-0.38777643	-0.049074184	-0.14588208	-0.18748465	-0.17821406	-0.039728038	-0.30246904	0.07964769	-0.3624711	-0.20169507	-0.24301146	0.059607066	0.09714327	-0.2154065	0.27500004	-0.026373312	0.37742603	-0.034090817	0.23200993	0.4802823	0.07956773	-0.1946708	-0.28136012	0.097303234	0.21088389	0.31420168	0.18710984	0.18329571	0.14052041	-0.04683732	0.23291685	0.115099	0.13623424	0.27483752	0.17865011	0.24212496	-0.076160744	0.14491946	0.34288418	0.38469118	-0.035069514	0.109651186	0.16579302	0.3221993	0.4709034	-0.4253558	-0.16150337	0.0019445252	0.30723193	0.048312295	-0.12454612	-0.05153913	0.14829715	0.029703626	-0.088190846	0.04922922	-0.08951472	-0.14735623	-0.14232095	-0.20981361	-0.17740272	-0.20577715	-0.03650121	-0.062775955	0.19856048	0.1265003	-0.13172278	0.2697936	-0.030679516	0.32340565	0.08984774	0.29144245	0.23032284	0.15439029	0.3211926	-0.10712882	0.062179454	-0.29644763	0.024697673	-0.06591543	-0.27744472	-0.4108814	-0.20078658	-0.21826416	-0.19140956	-0.16954337	-0.03213792	-0.052204635	-0.2969891	-0.14173698	0.091459654	-0.26689312	0.012417354	-0.24916844	-0.12574293	-0.21998826	-0.04798874	-0.051644363	-0.29966184	-0.00439228	-0.38247794	-0.19639067	-0.2229696	0.0741985	-0.05636065	-0.050609678	-0.09271506	-0.2077073	-0.19526385	0.13718374	-0.055103093	-0.18891111	-0.1085409	-0.26911992	0.096536696	-0.09802769	-0.11489359	-0.020672757	0.2915977	-0.11122405	0.09168546	0.14021207	-0.017299224	-0.3719694	-0.031567276	0.34967837	0.13848695	0.19891416	0.084827125	-0.030264871	-0.16551417	-0.0056787753	-0.06456579	-0.25216004	0.04486978	0.11071195	-0.08599537	-0.16463542	0.10734939	0.16300178	0.19468556	0.05708017	0.23426536	-0.4417008	-0.115212925	-0.27040154	0.21721601	0.18616746	0.09403989	0.34378842	-0.08972344	0.28694186	-0.12396847	0.06772996	0.21021798	0.3276413	0.029222269	0.401426	-0.39423957	-0.09540051	-0.16980043	0.2215425	-0.23306939	0.21490051	0.07955473	0.35428116	-0.27123886	-0.12289193	-0.17855822	-0.2310396	-0.093798295	-0.064299434	-0.20706353	0.35673642	-0.008688275	0.19204912	0.09708585	-0.048101425	-0.025775596	0.026101481	0.31570217	0.19679059	-0.30138797	-0.22621715	0.23694958	-0.04606873	-0.046176255	-0.21357359	-0.17476797	0.15171528	0.09446586	0.32695022	0.37491748	0.23135364	0.16911137	0.25809798	-0.26055717	0.2649155	-0.029935425	-0.19522965	-0.4291345	-0.24752465	-0.2295106	-0.3063673	-0.34759438	-0.35509947	-0.36160168	-0.04612004	-0.14789668	0.11428796	-0.10362475	0.2544192	-0.04961133	0.1062263	0.1366409	0.05581506	0.0076696975	0.15518697	0.18192843	-0.09019232	-0.1027412	-0.32027858	0.043612495	-0.45450404	-0.1527204	0.106806435	0.25360474	0.37123382	0.25494838	0.38689458	0.3396957	0.111072436	0.40504187	0.17419621	0.4224947	0.4388304	0.2532247	0.40179625	0.42937997	0.6663645	-0.016762633	-0.077848814	0.13047826	-0.109753855	-0.054061495	-0.29406887	0.14495671	-0.05782813	0.0013531432	0.015224232	-0.12529296	0.22689255	0.17267936	0.6957946	-0.25713268	-0.011270377	-0.15187696	0.35213006	0.042131603	-0.07093178	0.09522368	0.12318981	0.34964514	-0.001376704	0.21878453	-0.002475785	0.28516668	0.032970753	0.14326394	-0.03454852	0.49702406	0.57642794	-0.078711845	-0.33963534	-0.27824306	-0.261147	0.05916911	0.07509091	0.31624556	0.15612699	-0.14526044	-0.18264286	-0.32065803	-0.17779705	0.12806554	0.29932407	0.045573153	-0.283716	-0.09353552	-0.16679783	0.03294368	0.3967379	0.2645101	0.0751261	0.14311038	0.14414623	0.16238254	-0.09909571	0.15482765	0.24856384	0.36123195	0.18309364	0.31311277	0.24564515	0.060585782	0.3648592	-0.0020289484	-0.16570103	-0.0985809	0.12459533	-0.012899073	0.20382725	-0.18636426	-0.002776813	0.22323239	0.33310828	0.06849384	-0.08738693	-0.2222302	-0.1141037	-0.2383238	-0.22585039	-0.0037417086	0.027959544	-0.022841474	0.06725719	-0.044175763	0.04009565	-0.06544917	0.077862784	0.007311063	0.239792	0.16995391	0.011809501	0.2405928	0.11601447	0.3211824	0.080266654	0.20922165	0.2236388	0.16246106	0.2717936	0.11390402	0.17692554	-0.28205338	-0.027145984	-0.045636043	-0.27155417	-0.2622041	-0.12941113	-0.16032219	-0.17998156	-0.16196834	-0.05264207	0.060978524	-0.18080023	0.03142787	-0.061151925	-0.21172091	-0.14317146	-0.07273521	-0.03541557	-0.19615881	-0.2078467	-0.020377439	-0.26274183	-0.13096978	-0.34296232	-0.18625689	-0.27033177	-0.014823854	-0.12238256	-0.15937304	-0.25758958	-0.24482192	0.021990668	-0.075386606	0.15414032	-0.15360533	0.24788721	0.068817504	0.041066397	-0.050605543	-0.18006857	0.060800195	0.17441063	-0.13766445	0.22269578	0.2624495	0.1917648	-0.13506784	-0.031939678	0.22013383	0.019753855	-0.08439348	-0.2501433	0.028946156	-0.14651844	0.032826114	-0.058663845	0.15718167	0.17241278	0.070927866	0.026281035	-0.011032956	0.052332688	0.17319126	0.13881047	0.15253723	0.13462335	-0.06772613	0.08775529	-0.023306347	0.20097105	0.10835436	0.33367535	0.26689017	0.19227389	0.22444813	0.17227563	-0.09834571	0.1173022	-0.09961381	-0.0006804473	-0.14293288	-0.4621685	-0.15779044	-0.24609584	-0.07003658	0.08096764	-0.054261327	-0.13341731	-0.080326796	-0.16140294	-0.019455083	0.23003073	-0.22376993	-0.21287991	0.30160928	0.1100936	0.13715477	0.020089883	0.24971521	0.19851817	-0.112258114	-0.14196928	-0.18039472	0.048353627	0.13580194	0.14156015	0.009248757	0.09698827	-0.008537043	0.09699769	0.18812941	0.04523082	-0.07666431	0.09207269	-0.06357851	-0.083705105	0.051273372	-0.24750149	0.27922636	-0.17297241	-0.093269326	-0.21870004	0.045883685	0.03643618	-0.37622467	-0.18062237	-0.14246517	-0.102472454	-0.1586532	-0.10861212	-0.068311855	-0.15435497	0.19621226	-0.24560739	0.077517904	-0.009532473	-0.019363867	-0.07235922	-0.0074227033	0.052336954	-0.092859335	-0.31167912	-0.27318925	0.14722155	-0.18142381	-0.2823639	0.0037663002	0.113726944	0.18110774	0.052852523	0.21746096	0.06412764	0.08639336	0.23305574	0.2504789	0.45411873	0.36498925	0.3093722	0.28050193	0.20700938	0.23131615	0.2949145	0.226911	0.05100417	-0.024691224	0.0039033277	-0.034600865	-0.19025725	-0.12220046	0.038716204	-0.08235717	-0.18326661	0.17490596	0.28163034	0.29299495	-0.17160304	-0.06384727	0.19188	0.50773674	0.071816154	0.24706094	0.20610058	0.27510503	0.45414588	0.04586785	-0.10781081	0.03635013	0.0042681675	0.37050793	-0.03897611	-0.3342841	0.07171152	0.18044351	-0.1169951	-0.07212712	-0.15568143	-0.1328758	0.3138426	0.2554783	-0.16282618	-0.19117454	-0.15036814	0.06900035	0.19857766	0.09372863	0.17416543	0.1228958	-0.12630238	0.23839162	-0.014305135	0.26032493	0.50849336	0.0048409314	0.17520794	0.2991277	-0.082713	0.14997093	-0.22455995	-0.10267147	-0.1641163	-0.123489305	-0.09509016	0.05879192	-0.14932412	0.34205416	-0.2110509	-0.11475518	-0.14469734	0.11928172	-0.012215536	-0.16579762	-0.11726068	-0.3310276	-0.26774296	-0.03252794	-0.08693732	-0.33038002	-0.19485018	0.25914016	0.33917427	0.07663703	0.0037415042	-0.2280992	-0.296069	-0.32087913	-0.1849823	-0.16296038	-0.045823973	-0.076386444	0.07809764	-0.09928642	0.07959889	0.023999864	0.22465324	0.2206526	-0.0424382	0.2286797	0.027488468	0.16256958	-0.13641928	-0.036129113	-0.2620497	-0.19881997	-0.07976208	-0.12094667	-0.043231316	-0.053612195	-0.15305555	-0.013399024	0.23645568	0.058307093	0.2986167	-0.13221921	-0.12778233	0.25905114	0.24994679	-0.018369319	-0.1747624	-0.21326315	-0.27500862	-0.25676596	-0.25090358	-0.25516015	-0.1782914	0.0948611	-0.13491966	-0.02820949	0.05286094	0.20157558	-0.24962237	-0.31871253	-0.32386598	-0.044343174	-0.23300488	-0.07186367	0.22565405	-0.26144868	0.045608673	-0.034211554	-0.31862122	0.36593497	-0.08145786	0.09031533	-0.1565896	-0.18063775	-0.16494155	-0.09654785	0.016693654	0.3257982	0.21802738	0.4368949	0.34098205	0.1005274	0.22048943	-0.17069091	0.40122783	-0.06474307	0.26979083	-0.11049064	0.03265924	0.3483304	0.031486567	-0.40288022	-0.1841496	-0.16721874	-0.094136745	-0.18292397	0.17988226	-0.19956236	0.17805289	-0.26967826	-0.19938608	-0.16813722	-0.26218975	0.114357986	-0.044669256	0.35231134	-0.24615166	-0.18045375	-0.11098779	-0.22615945	0.018690107	-0.26087862	-0.12308585	-0.16842258	-0.2982123	0.14595039	-0.23782471	-0.1942255	-0.1956397	-0.12519975	-0.1741712	-0.15722232	-0.3174225	-0.20285892	0.45608515	-0.19195168	0.24782841	0.4329118	0.39829856	0.33678466	-0.4045212	-0.26046476	-0.2517772	-0.0015572957	0.06657708	0.12127378	0.16590725	0.046337545	0.19165331	0.21096681	0.24605311	0.19274071	0.03665232	-0.028715141	0.029799664	0.023893768	0.06965296	-0.027370162	0.09145233	-0.1371409	-0.002768108	-0.0002626778	0.04718258	0.00633644	0.011606611	0.00071479543	0.065194465	0.0065190103	0.2049495	0.1265703	0.11992122	0.042280633	0.104842246	0.21617809	0.057346214	-0.1884937	-0.1254167	-0.19970039	-0.19237247	0.11878188	-0.041848008	0.10518963	0.08517341	-0.18726331	-0.044618547	-0.018145032	0.0591958	0.08469552	0.1088045	0.23023362	0.20676853	0.129809	-0.035324607	-0.027184283	0.18388288	-0.005492049	0.10956448	-0.044928167	0.3370761	0.33134815	0.18890631	0.3265335	-0.008362274	-0.17100781	0.08795624	-0.27596447	-0.0008217838	-0.18903711	-0.35216784	0.028113663	0.17122838	-0.12397798	0.2263871	0.23846076	0.011015322	-0.22762175	0.15687296	-0.09614854	-0.064013325	0.19129077	0.0367527	0.47484365	0.40618357	0.16537923	-0.14018184	-0.24692969	-0.10212481	-0.23720193	-0.23877582	-0.013319707	-0.21498238	-0.17481811	-0.20407763	-0.15513453	-0.06919182	-0.16686532	-0.24256687	0.239337	-0.28210962	-0.24259615	-0.29382038	0.020461738	0.1071401	-0.16465577	0.29906064	0.06529298	0.31262943	0.17838804	-0.40661892	0.13947335	-0.20509042	0.02396963	-0.050749693	-0.09639828	0.35480523	-0.12267382	-0.4742399	-0.37673694	-0.41832027	-0.48532093	-0.26077825	-0.19020535	-0.37332645	0.06891787	0.05166699	0.11683539	0.29105994	0.21069035	-0.101181306	0.012021898	-0.1702008	-0.24030751	-0.3814826	-0.31309643	-0.040848944	-0.01272213	0.3510586	0.3187466	0.09524298	0.0769925	-0.16669397	-0.19319822	-0.08327802	-0.24190044	-0.27439263	-0.049993366	-0.35368	0.15846469	-0.17421661	-0.3097373	-0.18435316	-0.14820436	-0.22276397	-0.2892694	-0.053982686	-0.18180016	-0.18504095	-0.22139333	-0.32798722	-0.3067702	-0.347664	0.19637667	-0.10454623	0.019988704	0.20982304	-0.20432311	-0.092415236	0.22734353	0.21390279	0.18773782	-0.198125	-0.28817356	0.3752536	-0.043495007	0.028090792	0.06779266	0.01612054	-0.006750334	0.060011476	0.16367209	0.1571011	-0.117371105	0.22120897	0.16326416	0.39534083	0.4422611	0.6275464	0.046797957	0.12116287	0.26460165	0.2703227	-0.10069751	-0.027114095	0.23572722	-0.42897356	0.07530069	-0.20274153	-0.32674628	0.20557864	-0.080153205	0.20745778	-0.07743478	-0.23546295	0.15194145	-0.4809755	-0.15202706	-0.1531516	0.33565348	0.4684795	-0.12614825	0.29514015	0.58343995	0.08016472	0.085186616	0.019810686	0.08706494	-0.025764495	-0.32015458	0.15753682	-0.16897658	-0.055224035	0.15606484	-0.33251563	-0.45464393	-0.4738415	-0.37697253	-0.21351063	0.012813378	-0.19917649	-0.13275582	-0.4053424	-0.31748322	-0.5471143	-0.22692323	0.34398964	0.7092192	-0.14359163	0.1185592	0.40639547	0.45646375	0.40917778	0.27098298	0.16394497	0.22137298	-0.05322934	-0.11826191	0.007170611	0.056543868	-0.026058868	0.22452039	0.019553682	-0.04665237	-0.017196909	0.07321212	-0.2010454	-0.42105585	-0.3248719	0.28260666	0.356876	0.1605286	-0.16868393	-0.32697022	0.06760809	-0.29120004	0.04013114	-0.21468772	-0.40006638	-0.09630788	-0.20296976	0.011885792	0.121444516	-0.037334114	0.026256138	0.047820583	-0.38755313	0.017589018	-0.23194844	-0.42320222	-0.28222674	-0.5108104	-0.3475562	-0.38090327	-0.3712984	-0.5131136	-0.4616816	-0.21070631	-0.16931933	-0.056123592	-0.2973741	0.102694996	-0.2037199	0.08926996	-0.022205431	-0.013110654	0.035591584	0.38384506	0.064255774	-0.06252119	-0.2968875	-0.4294445	0.24244516	-0.33131006	-0.36444733	-0.20676555	-0.20085743	0.09694216	0.00934567	0.07845846	0.04976981	-0.18920664	0.2936175	-0.111852266	0.14826018	0.20236637	0.29442444	0.070943646	0.06616135	0.28826246	-0.024598626	-0.04248721	0.36195496	0.2623287	0.015046408	0.0021952856	0.22535877	0.082727194	0.40939096	-0.3124045	-0.15633906	-0.15966356	0.02026292	0.24368238	0.13136	-0.18951234	0.18057793	0.21751688	0.10012173	0.0031285095	-0.10118438	0.12149732	0.18845892	0.37881562	0.85454375	0.5388815	0.7923311	0.34105167	0.44088408	0.5589733	0.3248668	0.34133413	0.27668	-0.014906979	-0.10703921	0.23723048	-0.1979871	0.29267055	0.38892213	0.26568645	-0.07594226	-0.21147628	-0.024313327	-0.48236826	0.20593631	-0.102484785	0.26836237	0.04600089	0.11947877	0.46494648	-0.108680025	0.30022678	-0.2630838	-0.35171115	-0.41755697	-0.39472887	-0.30151471	0.0023458432	-0.14712343	-0.17502187	-0.36150318	-0.060221333	-0.30075076	-0.026027575	-0.34287113	-0.5750186	0.5909643	-0.1773399	-0.27391785	-0.3523344	-0.27065042	-0.3328208	-0.3429852	0.24312131	0.107192315	-0.22922117	-0.14641039	-0.43884295	-0.4642626	-0.28425688	-0.33238867	-0.26851007	-0.024764497	-0.2539126	0.00093431486	-0.26047048	-0.38409296	-0.11399064	-0.19095849	-0.13606656	-0.40922073	0.12029183	-0.2601087	-0.27556756	-0.40095866	-0.43388942	-0.42812464	-0.43156195	-0.020039145	-0.36951986	-0.035709098	0.29272836	0.17409763	0.31795463	0.7334834	0.266994	0.3453781	-0.18549491	-0.28768784	0.79917437	0.09505584	-0.106846884	-0.14642045	-0.17865135	-0.23860066	-0.23133667	-0.062662445	-0.02895905	-0.09972166	0.56154335	0.005700209	0.39685875	0.2786091	0.55991364	-0.2543364	-0.23502785	-0.07698645	0.112860225	-0.0854564	0.105137676	0.23364694	-0.25813124	0.17100935	0.01665844	0.1111929	0.31462726	-0.07094027	0.4280477	-0.2343901	-0.23185654	0.22418366	-0.24962549	-0.26065722	0.17109555	0.4920821	0.38809028	-0.010047719	-0.05132448	0.14179596	-0.015255942	0.5206255	0.35027358	0.58958805	0.23563626	0.28965315	0.42888	0.15862618	-0.17039019	0.13021195	-0.15865262	-0.2683312	-0.27003646	-0.018343434	-0.4140248	0.66122377	-0.14234674	0.031949464	-0.27773398	-0.46803334	-0.15816659	-0.47893852	-0.0841808	0.15817711	0.4423812	0.59454733	0.37043488	0.3702366	0.27343768	0.32005525	-0.051140253	0.11336602	0.022431498	0.05208007	-0.16932277	0.1962585	0.019166041	0.014995647	0.094005585	-0.02043708	-0.053507224	-0.2797654	-0.1991104	0.044050235	0.2533637	0.2101521	-0.17880139	-0.3540358	-0.011041431	-0.32633147	0.13703792	-0.21382119	-0.43518373	-0.1771176	-0.23873456	-0.020494021	0.009609279	-0.17185597	-0.13401893	0.03694983	-0.29561278	-0.027939992	-0.11497947	-0.33004943	-0.3594561	-0.31270352	-0.31385744	-0.13394739	-0.2753812	-0.40908012	-0.46045533	-0.3206609	-0.0856948	-0.16783382	-0.35862264	0.047293715	-0.15341355	-0.04016794	0.13193685	-0.18813989	-0.094223715	0.26304808	0.13369256	0.012602909	-0.29715896	-0.39825907	0.15590322	-0.38895965	-0.15768252	-0.29635265	-0.04598734	0.062041555	-0.059162106	-0.010531146	0.03958684	-0.29035893	0.12882224	-0.006808299	0.010123832	0.24707337	0.30078632	0.094853714	0.05547375	0.35511532	-0.05768823	-0.15914306	0.3107474	0.3455426	0.11465344	-0.2912971	0.16817269	-0.112218685	0.42942703	-0.27188498	-0.04670973	-0.07167877	0.12514429	0.28920856	0.09673692	-0.049714476	0.17654525	0.1496789	0.22999962	0.20531513	0.06518849	0.29951254	0.2719167	0.39742485	0.6427079	0.44430536	0.7347089	0.11024277	0.44137773	0.5203693	0.43694073	0.3694952	0.25972196	-0.04895953	-0.028672718	0.20986593	-0.03556728	0.022158474	0.22271441	0.060150664	-0.091595285	-0.18206841	-0.040287144	-0.3397855	0.36390385	0.46453083	0.27165005	0.38234782	0.1584993	-0.04239905	0.08231396	0.5729966	0.5564191	0.5485677	0.6994079	0.45814314	0.38985705	0.5869547	-0.14507288	0.06928223	-0.06040476	-0.26239815	0.06669779	0.22998875	-0.14125566	-0.13405772	0.16251977	0.66825616	0.42475808	-0.2822238	-0.35166007	-0.07402105	-0.16319707	-0.12781323	-0.2165153	-0.18725105	-0.24332288	-0.20287968	-0.21439132	-0.1451952	-0.3839619	0.052299216	-0.30604547	0.19138204	0.22643311	0.051385213	0.27831584	0.118050106	0.28433037	0.17052433	0.32402867	0.39074755	0.0032321913	0.29516092	-0.07136568	0.15032685	-0.35524616	-0.043518767	-0.16433519	-0.29763114	-0.15747939	-0.26183692	-0.26634178	-0.4979488	-0.20734102	-0.14094825	0.03287448	-0.14916202	0.116597764	-0.06643198	-0.36330652	-0.37320036	-0.3027418	-0.33768147	-0.47320333	-0.39757037	-0.0046201725	-0.32314983	-0.39108932	-0.4754388	-0.5305326	-0.27756903	-0.33291826	-0.4932364	-0.51069415	-0.2776508	0.042639177	0.06245433	-0.008931163	0.32227594	-0.04676661	0.102474436	0.008068024	0.066537224	-0.38256878	-0.24286114	-0.453357	-0.027411927	-0.39950213	0.52712876	-0.21485111	0.43415514	-0.36067244	-0.23293503	0.23525095	-0.33016172	-0.21061458	-0.19145699	0.09147973	-0.06602017	0.20464769	0.09918612	0.36989835	-0.003943193	0.3461271	-0.16520745	-0.11652607	0.3261807	0.49513337	0.5426353	0.48623222	0.15786818	0.0010491778	-0.095350966	-0.041442547	0.40141934	0.25984308	0.72218406	0.23243353	0.42807728	0.4227087	0.5955568	0.20087352	0.45872283	0.114980474	0.010497384	0.035981767	0.06943793	0.1796574	0.14324412	0.28913558	0.46113867	-0.19364429	-0.075260565	-0.12156388	0.19335449	-0.19432424	-0.13215859	0.1073228	0.005148005	-0.006281354	0.08610595	-0.17475857	-0.44034973	-0.36162958	0.18995087	0.047000892	-0.16315328	-0.24707748	-0.42029262	-0.41117653	-0.4304992	-0.4025084	-0.29727846	-0.33471525	-0.08472939	-0.339107	0.1255656	-0.10935282	0.03934803	0.14989379	0.08752687	0.1700197	0.3447418	0.2752809	0.262445	-0.035350204	0.064420775	-0.2606862	-0.00020422507	-0.34527597	-0.13019621	-0.18528926	-0.040952813	-0.31441846	-0.21457782	0.09142776	-0.18501917	-0.013178209	-0.2001932	-0.18772829	0.25271037	0.29775724	-0.11445247	-0.30846465	-0.51634705	-0.44257176	-0.29201576	-0.44787744	-0.2676475	-0.12936667	-0.0005859907	-0.22347212	-0.31803137	-0.22854498	0.023623614	-0.34933484	-0.50426316	-0.3025338	-0.17834067	-0.3443846	0.081122816	0.23836415	-0.24163008	-0.06539707	0.11606341	-0.27122247	0.26510745	-0.33733022	0.18940675	-0.45329386	-0.3790541	-0.06656318	0.08095677	-0.14357091	0.2420432	-0.08104598	0.30396006	0.07694549	0.032166604	0.18872328	-0.2261647	0.38156602	0.07489752	0.31259498	0.10172823	0.049595553	0.54170585	0.38856566	-0.10724041	0.047441732	0.07850098	0.082394436	-0.022890685	0.19248326	-0.27379337	0.046891183	-0.0073662614	-0.025554484	0.016515473	-0.22806051	0.033297002	-0.1265637	0.67838895	0.6999103	0.49051338	0.2475918	0.34800217	0.48962742	0.35637027	0.55149096	0.58546257	-0.015595295	0.6342549	0.4939799	-0.17450349	0.0766448	0.051422656	-0.23637876	-0.25900385	-0.0880516	-0.006269751	0.24559851	0.30494595	0.31879464	-0.057000205	-0.40353152	-0.4775044	-0.12572803	-0.20605007	-0.4715484	-0.5387191	-0.39953506	-0.20741418	-0.23806968	-0.34216002	-0.28979015	-0.41932994	-0.18228997	-0.416311	-0.007519372	-0.10382308	-0.1384242	-0.1911083	-0.32237303	0.14895374	-0.0351501	-0.0104802465	-0.040819883	-0.0008317207	0.25882795	-0.15494142	-0.0038592932	-0.3901813	-0.0059831627	-0.11767183	-0.25943416	-0.25105092	-0.2639612	-0.05680429	-0.3616799	-0.20032838	-0.24162805	-0.19251552	0.0049293563	-0.11883105	-0.14632851	-0.5204515	-0.47988296	-0.23726305	-0.3110428	-0.49217942	-0.34861732	-0.30619046	-0.11666045	-0.45492047	-0.54445404	-0.4166887	-0.1079871	-0.38139874	-0.45087004	-0.28007466	-0.28967497	-0.07378505	0.4472495	0.32812464	0.25707003	0.0930191	0.23443551	0.02956393	0.3478858	-0.49346417	-0.049685244	-0.5411309	-0.047844622	-0.26990914	0.672281	-0.30167744	0.33211258	-0.42402148	-0.076027974	0.11383124	-0.33636042	-0.039799094	-0.13890569	0.3108094	0.49201506	0.48249277	0.541009	0.28654122	0.36026272	0.886138	0.20437706	-0.0023788263	0.6442051	0.4939136	0.43331832	0.5727578	-0.086898625	-0.073555045	0.2632184	0.25182056	0.3158316	0.125343	0.3520701	-0.21829402	0.478456	0.55209225	0.28349134	0.42805064	0.33005854	0.36671153	0.38422516	0.37375247	-0.06494493	0.5133156	0.48828736	0.028163254	0.14701807	0.06463601	-0.03503537	-0.18277653	-0.062515855	-0.04120235	0.24170308	0.3917163	0.14180955	-0.15632541	-0.33053067	-0.5629455	0.0013782745	-0.16764191	-0.40536097	-0.45137885	-0.38138554	-0.15078032	-0.19352604	-0.33377272	-0.34008136	-0.23968047	-0.358327	-0.10914078	-0.008476898	-0.10835708	-0.29097766	-0.12323089	-0.27870095	-0.011161721	-0.18020952	-0.21418944	-0.20999685	-0.057581905	0.1584198	-0.16478597	-0.08164113	-0.15735449	-0.049784895	-0.0022645174	-0.072175	-0.26832804	-0.22958595	0.15786731	-0.15344769	-0.0613419	-0.482941	-0.41225582	0.11898443	-0.17405796	-0.19062907	-0.3828551	-0.33153084	0.016490014	-0.15554348	-0.25261104	-0.25558057	-0.2855101	0.033207703	-0.289593	-0.25012192	0.0015702882	0.14645456	-0.2512408	-0.2570569	0.0017150445	-0.24575728	-0.07712487	0.4766245	0.31196496	0.29770595	-0.056547597	0.44947168	0.011672629	0.44352522	-0.48026454	-0.09521771	-0.35344413	0.041339636	0.04765219	0.41868263	-0.22000577	0.22822952	-0.08393463	0.10526394	0.13867229	-0.13283177	0.103924684	-0.010579966	0.33118227	0.54349667	0.45006874	0.650886	0.23215875	0.46535242	0.75253606	0.3783314	0.24919592	0.46093923	0.1749794	0.19058993	0.44147357	-0.03974566	-0.006035324	0.2492266	0.26834852	0.08063753	-0.024289312	0.16877386	-0.3070181	0.18974434	0.37352794	-0.01682301	0.10612437	0.05300002	0.15926354	0.31713554	-0.028687237	0.32359004	0.3343012	-0.3315928	-0.10767603	-0.17878988	-0.15832745	-0.36261383	-0.29912305	0.13370779	-0.030633984	-0.016045755	0.13967873	-0.14752619	-0.446045	-0.47980002	0.016910281	-0.054063004	-0.37829274	-0.36412597	-0.48980016	-0.38962668	-0.38241214	-0.42591798	-0.28788128	-0.31152204	-0.1931979	-0.36471906	-0.13320239	-0.29189238	-0.025730833	-0.15323716	-0.13181868	-0.009922043	0.20276645	-0.028012414	-0.06821589	-0.11701007	0.064823344	-0.30275083	-0.19858187	-0.3592555	-0.13206728	-0.18208702	-0.17820284	-0.20585582	-0.06798638	0.26172963	-0.09264822	0.043652587	-0.2562689	-0.20980541	0.34910417	0.102936804	-0.20011069	-0.49630082	-0.50801814	-0.34725794	-0.34479207	-0.5032859	-0.36404908	-0.2747555	0.06910706	-0.34635067	-0.3051116	-0.26176476	0.11112051	-0.34998643	-0.46482462	-0.3637879	-0.14707796	-0.24055012	0.20746306	0.45646438	-0.03947658	0.13611954	0.122434735	-0.13178809	0.49971807	-0.36146894	0.0704587	-0.48212454	-0.08006918	-0.20554201	0.32969755	-0.27334186	0.4468765	-0.11697684	0.19077338	0.23250555	-0.1670302	0.18122466	-0.115713045	0.46546197	0.4744659	0.7429855	0.39744863	0.33149317	0.45335767	0.69636434	-0.09466513	-0.055287093	0.35177526	0.29341865	0.13016228	0.41870746	-0.21233398	0.14454152	0.0039167427	0.03287106	0.09929833	-0.111443564	0.2583401	-0.23388365	0.29954657	0.7852862	0.35522428	0.2809272	0.3886995	0.36320987	-0.03411016	0.5445207	0.31604204	-0.08726749	0.18989743	0.048011456	-0.010376848	-0.14998011	0.003410793	-0.03229006	0.57927114	0.53680193	0.13041271	-0.23099239	-0.29406777	-0.28928968	-0.20101146	-0.17715453	-0.27426687	-0.41097057	-0.22225796	0.05929596	0.006089859	-0.11841991	-0.12071384	-0.2567422	-0.1480456	-0.09262434	-0.06909275	0.036107663	-0.16146262	-0.05375577	-0.1625316	0.11095718	-0.21935533	-0.083041236	-0.101845026	-0.0032658747	0.17455266	-0.021685574	0.08396433	-0.22699788	-0.07993099	0.03659442	-0.0851114	-0.29309464	-0.22823365	-0.07109278	-0.22044535	-0.094918594	-0.3312355	-0.16877729	0.023114081	-0.085287385	-0.17655955	-0.35037568	-0.2849015	-0.04340235	-0.26973578	-0.34925294	-0.30957344	-0.32049245	-0.12399604	-0.27600503	-0.34405783	-0.09760099	-0.073504284	-0.20167363	-0.23498479	0.012220391	-0.19497874	0.055897687	0.727223	0.13013618	0.30190638	-0.05630659	0.25764441	0.019080058	0.1537671	-0.32319686	-0.04858673	-0.2662151	-0.061368167	-0.052436404	0.47430426	-0.16782203	0.15109274	-0.12619823	-0.08422281	-0.01918857	-0.20560887	-0.018131418	-0.19772302	0.14709947	0.28193957	0.14655529	0.37601152	0.25315046	0.3249675	0.5159483	0.69923687	0.37174848	0.47896674	0.20128676	0.22573449	0.30954084	-0.052266628	-0.13033569	0.5248722	0.48895326	0.10820936	0.06458482	0.05828341	-0.26512325	0.22225487	-0.17433518	-0.06201597	-0.096813925	0.05067777	-0.03265583	0.31324232	0.105458155	-0.030839209	0.30535573	-0.016293885	0.041340813	0.03280397	-0.1044608	0.13355565	0.05317528	-0.20046674	-0.054865144	-0.32820985	-0.32613882	-0.14868067	0.3189857	0.25693363	-0.076022856	-0.23216267	-0.36459795	-0.3646837	-0.29425055	-0.35543036	-0.2832274	-0.39586416	-0.10993187	-0.19133103	-0.14024012	-0.2706748	-0.014780827	0.010674006	-0.008600503	0.03196308	0.078804925	-0.0808439	-0.18357408	-0.16496816	-0.09667938	-0.43252388	-0.23509279	-0.19302884	-0.28438342	-0.20662121	0.0039399257	-0.30501977	-0.2549782	0.14647153	-0.11070331	-0.056834336	-0.34127223	-0.21377993	0.3213114	0.0751299	-0.0976385	-0.31743014	-0.32395375	-0.3660873	-0.27757803	-0.30561918	-0.14587587	-0.19242692	0.11237444	0.19409248	-0.06692141	-0.05829112	0.24704646	-0.19027884	-0.3174099	-0.03433106	0.28320718	-0.025983665	0.3228097	0.4300215	-0.27760318	0.09243819	-0.18455893	-0.29275477	0.14867426	-0.35413444	0.25761965	-0.38821226	-0.16551125	0.08986283	0.005733049	-0.23266217	0.014432262	0.017870858	0.1700855	0.01787842	0.029272715	0.4025452	0.105868466	0.2504287	0.20076506	0.30648878	0.17084874	0.048698023	0.28578922	0.26581946	0.205857	0.21216476	0.13506408	0.032082867	-0.11702235	-0.037588585	-0.19785823	-0.0113875335	-0.009503872	-0.10975631	-0.13617904	-0.14613274	-0.18412055	-0.27304614	0.37361914	0.3135038	0.4098873	0.31209755	0.13228875	0.50541455	0.31020507	0.14658101	0.29708394	0.22150342	0.06308577	0.006873763	0.19481409	-0.035434853	0.6053722	0.527263	0.1626777	-0.090126514	-0.14233337	-0.22125891	-0.21824862	-0.32389402	-0.29127076	-0.34104612	-0.16010979	0.10314466	0.1619825	-0.035323657	-0.041141346	-0.1824445	-0.10198846	-0.024737678	0.14221366	0.1037247	-0.13378929	0.020693777	-0.16460317	0.25027937	-0.23989971	0.039457757	0.013725182	0.077025354	0.22106697	0.15068278	0.20716454	-0.16834135	-0.08589859	0.1256943	-0.10793673	-0.20606247	-0.20437661	-0.18142723	-0.24897818	-0.24300887	-0.20828623	-0.09428156	-0.19914426	-0.16723618	-0.12398684	-0.15103903	-0.07564151	0.07765173	-0.08035374	-0.13575941	-0.09003511	-0.100253455	-0.11020949	-0.037912812	-0.26726142	-0.13836783	-0.2127321	-0.006995833	-0.087749116	0.19832848	-0.29241306	0.06801977	0.5542875	-0.0983633	0.28299695	-0.22484969	0.17850573	0.085601084	-0.047602303	-0.23689555	-0.11294361	-0.18821809	0.031945817	0.12991002	0.36967742	-0.10361421	-0.12767074	-0.23802127	-0.2578187	-0.093373455	-0.22770225	-0.15663838	-0.0401939	-0.03228443	0.16588105	-0.07181866	0.34181198	0.07673947	0.13825236	0.35517195	0.7933528	0.47071153	0.36346132	0.107545555	0.26186872	0.12994373	-0.0016001662	-0.23144987	0.52079505	0.4142212	0.17557679	0.14027576	-0.0048752357	-0.12847164	0.585385	0.8453488	0.7490731	0.24520028	0.53077507	0.48767406	0.09687481	0.18235688	0.31411153	-0.20798662	0.14713284	0.32156318	-0.2601006	0.171064	0.38481286	0.59356767	0.35449567	-0.2517183	-0.21629298	-0.3768566	-0.24174622	-0.17363968	-0.386658	-0.10549157	-0.059140325	-0.12034521	-0.10757326	-0.12546708	-0.23437664	-0.026912674	-0.1741088	0.1705282	0.25911796	-0.018332649	0.102208965	-0.11468313	0.28614613	-0.038416494	0.1985437	0.2121461	0.26352182	0.46600798	0.18304914	0.3291038	-0.33971584	0.097140886	0.1374469	-0.3114976	-0.13377534	-0.25895962	-0.3868886	-0.50287104	-0.33036938	-0.16644323	0.018860422	-0.30635157	-0.06528467	-0.1735671	-0.29686037	-0.23565924	0.010294541	-0.04854229	-0.28130394	-0.34987363	-0.034349006	-0.28769597	-0.31398726	-0.5055383	-0.45429888	-0.35785604	-0.21022128	-0.26846144	-0.34115922	-0.23072416	0.24843769	0.26198536	-0.05500913	0.54074216	0.11678631	0.28884843	0.18060747	-0.045110676	-0.31705636	-0.29748031	-0.30706427	0.19520362	-0.43751323	0.74452215	-0.19539174	0.20150012	-0.5065096	-0.41821015	0.13278008	-0.3736854	-0.34581348	-0.08300034	-0.017488766	0.060377896	0.00903143	0.18230103	0.27215862	-0.068190314	0.43179008	0.19913921	-0.14306398	0.5620434	0.6732237	0.6679509	0.48312214	0.30150056	-0.21749054	0.16133752	0.2613415	0.5893469	0.5183844	0.56576025	0.12660973	0.6252085	0.69824314	0.19982417	0.48036236	0.43432823	0.15874143	0.30803242	0.04751899	-0.238458	0.21831478	0.44232965	-0.3554334	0.035882104	0.35782972	0.5949104	0.28723148	-0.09423816	-0.28033137	-0.12725909	-0.33471674	-0.11608932	-0.18304874	-0.009465212	0.04462625	0.0079484	-0.099351235	-0.0917454	-0.25079265	-0.0032892302	-0.15864883	0.33029354	0.30048063	-0.13354327	0.33841738	-0.049370643	0.36483333	-0.004581926	0.24856162	0.19349924	0.16707428	0.4663821	0.117604285	0.2832822	-0.21671082	0.0361783	-0.120551564	-0.20345777	-0.37005907	-0.24693151	-0.36637282	-0.37737468	-0.33064502	-0.26180074	-0.096433245	-0.42256737	-0.14952071	-0.09936786	-0.23066327	-0.17974761	0.0054237433	-0.07640315	-0.2604744	-0.27619502	0.0071230945	-0.50892395	-0.11595829	-0.45775744	-0.27926826	-0.3350947	-0.1238474	-0.20220588	-0.19962777	-0.2600756	0.06985454	0.047302622	-0.015384283	0.6127917	-0.2507043	0.2652276	0.01909543	-0.0015387365	-0.33536005	-0.37387535	-0.09464605	0.2773372	-0.21761252	0.5213692	0.055805713	0.15038587	-0.41605663	-0.29674777	0.23821191	-0.122812316	-0.14937367	0.039255235	-0.16708592	-0.055171642	-0.104711965	0.18747991	0.039424125	-0.18479985	0.25648364	0.21550632	-0.041886266	0.37497908	0.48269984	0.56086063	0.34119782	0.4885675	-0.40410763	0.018646568	-0.010286152	0.3813264	0.46167666	0.49251962	0.23486401	0.78243834	0.25886682	0.49491712	0.4355453	0.13022287	0.22370225	0.3099376	-0.21499887	0.14310451	0.36718893	-0.3351089	0.24024752	0.40946543	0.6897869	0.4576316	-0.20488082	-0.34481642	-0.43950948	-0.33981818	-0.16043942	-0.36519983	-0.043962833	0.12113725	-0.03535317	-0.030805286	-0.060690943	-0.26062813	-0.16079107	-0.21409248	0.19766168	0.2979339	-0.19408017	0.12386429	-0.20630877	0.22940964	-0.028548863	0.21262892	0.24625106	0.34926018	0.6003504	0.30830196	0.45024186	-0.23256692	0.16932009	0.072615735	-0.32049704	-0.18086398	-0.25590807	-0.40984347	-0.52984774	-0.46756816	-0.23733687	-0.14572589	-0.36487037	-0.16398351	-0.25091794	-0.24293172	-0.2740452	0.11799416	0.096974924	-0.23525384	-0.2756258	0.02917476	-0.23284216	-0.25391877	-0.4647971	-0.46792147	-0.3563649	-0.12940378	-0.19477774	-0.2629591	-0.28773922	0.12318832	0.29191947	-0.11027759	0.57908624	0.04117004	0.28489843	0.12315577	-0.0318748	-0.44980237	-0.4367028	-0.34623057	0.22439666	-0.39110535	0.74761367	-0.24222757	0.18575972	-0.52783257	-0.42847377	0.06720134	-0.38549381	-0.31562024	-0.027769526	-0.07039079	0.082198255	0.02738768	0.21698844	0.24989733	-0.02747252	0.46461302	0.24320088	-0.10249951	0.50657815	0.6602416	0.6821164	0.37545282	0.2846234	-0.22689784	0.23937972	0.2821646	0.67999834	0.6431779	0.5594132	0.24693161	0.28059343	0.625568	0.51734704	0.1505286	0.1941675	0.20869221	-0.37916172	0.13051471	0.39321038	-0.27789152	0.14518426	0.2972422	0.74879396	0.32469496	-0.165706	-0.3196644	-0.26809224	-0.3091577	-0.22107998	-0.2801076	-0.10070515	-0.047154304	-0.07224857	-0.13464035	-0.09801396	-0.3973178	-0.072312154	-0.32546797	0.11967189	0.14090745	-0.12229239	0.08749926	-0.11499118	0.21523207	-0.027275814	0.18352014	0.18557952	0.25376102	0.5486805	0.08692042	0.30168375	-0.3461138	0.05999613	-0.09371725	-0.42113993	-0.28978428	-0.3309356	-0.42150107	-0.62350094	-0.51286227	-0.2523145	-0.12336054	-0.30456525	-0.14223409	-0.31899068	-0.40261638	-0.39563268	-0.11507616	-0.1688791	-0.39403194	-0.38445866	-0.051291514	-0.2966368	-0.3426383	-0.53575706	-0.5275386	-0.35326648	-0.17560804	-0.3479374	-0.3550294	-0.19193983	0.17134658	0.27271146	0.025560198	0.52536345	0.012404744	0.18533263	0.037920143	0.017961245	-0.5122094	-0.40692946	-0.39400613	0.21349654	-0.35462776	0.7865192	-0.2636677	0.35719967	-0.49798614	-0.43910074	0.18883574	-0.3643142	-0.20038965	0.047215253	-0.036213037	0.123978816	0.12743846	0.29066318	0.418734	-0.033997398	0.5202559	0.16674018	-0.058787644	0.6524925	0.7936772	0.7061131	0.52315813	0.39511672	-0.1677837	0.15583006	0.13961312	0.61051786	0.57939374	0.6993983	0.19327843	0.18499187	0.2936335	0.073922835	0.20268114	0.1517754	-0.09408508	0.09971692	0.18726033	0.23544617	-0.032803573	0.007815077	0.35746908	0.43162364	-0.019305488	-0.18076678	-0.038784124	-0.18935354	-0.057613794	0.00037248604	0.029326703	-0.11253883	0.20389959	0.043989792	0.22016543	-0.11888097	0.0031530708	-0.0622079	0.29368135	0.20973858	0.042520598	0.17972201	0.057349205	0.11309154	0.022655493	0.1520556	0.3470059	-0.039600365	-0.025469111	0.17535925	0.13947804	-0.07508869	-0.26629448	0.0069007687	-0.044395685	0.079785906	-0.05457619	-0.07799188	-0.38478982	-0.33581787	-0.015689144	0.022923201	-0.13572747	0.106728464	-0.21014583	0.03519243	-0.19912986	-0.102876656	0.07394622	0.06720672	0.055877864	0.39112332	0.03332808	0.095068015	-0.028829003	-0.297805	-0.17066899	-0.010396403	-0.09013332	-0.062288284	-0.32121634	-0.040351268	-0.0049850876	-0.3636221	0.025553508	-0.18273532	-0.062016573	0.18898568	-0.2906619	-0.21927111	-0.22765586	-0.2199245	-0.18434958	0.03439104	0.06692065	-0.15911393	-0.05841861	-0.11585556	-0.2525155	-0.18034476	-0.31840968	-0.3546043	0.03835415	-0.0369016	-0.14448193	-0.058390908	0.0428463	0.20310171	-0.09058101	-0.068326876	0.03668392	0.22224724	-0.032049775	0.046416022	0.18080021	0.027347054	-0.15835612	0.2542587	0.031416483	-0.0780957	0.28034413	0.08606678	0.32086852	0.1881829	0.6243779	0.118065126	0.3359032	0.29787108	-0.32607892	0.11265211	0.23444502	-0.04703589	0.30040225	0.29816994	0.33099133	-0.03048863	-0.33099386	-0.19283682	-0.016088389	-0.050594527	-0.3271005	-0.36248845	-0.3332359	-0.20946841	-0.09490216	-0.21626356	-0.15942392	-0.47286838	-0.15017182	-0.25718743	0.13361827	0.04865071	-0.061329447	-0.044424485	-0.18733223	0.2270095	-0.111905865	0.053847153	0.079717	0.0031207455	0.13319525	-0.10167137	0.052052688	-0.4319832	-0.14833829	0.04893721	-0.25069228	-0.33777755	-0.31182903	-0.18220463	-0.5931726	-0.34592012	-0.29418343	-0.14918512	-0.09180348	-0.061417274	-0.23532668	-0.47152367	-0.46973065	-0.30326903	-0.33982328	-0.47603676	-0.3559753	-0.136654	-0.22330038	-0.37281117	-0.49522334	-0.41359085	-0.12921213	-0.33471966	-0.45294556	-0.1978081	-0.2789541	0.17683555	0.29568473	0.22482516	0.21037278	0.07763095	0.1480508	0.03364885	0.0056697805	-0.53554106	-0.1380611	-0.5322904	-0.06059473	-0.16880372	0.5474588	-0.42273623	0.07127603	-0.4616063	-0.3165971	0.02146102	-0.4374049	-0.076820955	0.02905146	0.04548716	0.29574433	0.15959612	0.37892264	0.18024556	0.03411725	0.56370544	0.37840435	0.23277144	0.69011194	0.47206983	0.390344	0.4679597	0.05106308	-0.23927833	0.3084938	0.23416959	0.26637152	0.10171906	0.20901869	-0.24794129	-0.0056056655	0.20042844	0.044463534	-0.17901969	-0.00032825093	0.2191193	-0.105618216	0.0719577	0.19610852	0.43309718	0.14621471	-0.377829	-0.26007825	0.049787924	0.025100863	-0.17222793	-0.30447072	-0.31429836	-0.2360414	-0.22864184	-0.22179742	-0.118836835	-0.33954194	-0.032052927	-0.1275799	0.29973006	0.26013157	0.049895342	0.25519085	0.0788623	0.32885656	0.027028482	0.20769648	0.31988877	0.11094718	0.24094625	-0.053184412	0.14451593	-0.3656839	-0.110122345	0.020628411	-0.22298397	-0.22583021	-0.20693772	-0.07640729	-0.47445902	-0.1859501	-0.21219088	-0.07355965	-0.21854205	0.09778906	-0.05785722	-0.3189219	-0.3770902	-0.3542089	-0.31919444	-0.47015086	-0.35357368	-0.03526581	-0.2901806	-0.32650882	-0.50086147	-0.38320118	-0.29223675	-0.38641217	-0.47249234	-0.37344688	-0.45674115	-0.020136261	0.11190259	0.06516653	0.16061617	0.0028030577	0.17834824	0.043991435	0.043455455	-0.3494084	-0.13399768	-0.36691552	-0.029557014	-0.26454613	0.4114556	-0.09534515	0.09999663	-0.38549936	-0.20897672	0.17404114	-0.34657085	-0.2529712	-0.18070346	0.11926656	0.09607286	0.09441966	0.173409	0.095339336	0.105100095	0.4119036	0.005544396	-0.02184979	0.37286934	0.28918016	0.29544634	0.4988708	-0.05310258	-0.14779246	0.14621535	0.09988621	0.21961232	0.0430534	0.331634	-0.032741185	0.12344056	0.61526924	0.1032746	0.5478814	0.6804077	-0.34350422	-0.08975108	-0.00519099	0.15601937	0.08951593	0.28016165	0.2523255	-0.124701895	-0.049298078	0.07902538	0.273212	0.23854333	0.14188977	0.22918692	0.15544558	0.13024199	0.11513447	-0.12764186	0.24553129	0.06735013	0.058065187	-0.22630852	0.0047247396	-0.12388733	-0.054503813	-0.23075953	-0.03594197	-0.021779962	0.22389954	0.19140781	0.26419264	0.1332784	0.10297952	0.088143215	0.25115636	-0.11844103	-0.2934444	-0.13017552	-0.28436676	-0.14918636	-0.33996302	-0.026893998	-0.108335145	-0.28614327	-0.28973293	-0.21206614	0.048514947	0.13696574	0.20066719	0.32464492	0.3589341	0.27351585	0.19567417	0.070746645	0.16708027	0.04354504	0.06738472	-0.044320475	0.5475902	0.46783358	0.43853664	-0.030230751	0.08841087	-0.14477089	-0.088556394	-0.049485087	-0.22827713	-0.1148708	-0.16352567	-0.15495184	-0.049090296	-0.34825966	0.23292038	0.31331742	0.17084047	-0.087303005	-0.022251584	-0.20823531	-0.12657847	-0.18936552	0.034340337	0.1399357	0.1309709	0.52666	-0.24901816	-0.086726464	-0.20254317	0.06947473	-0.19145654	-0.15006873	-0.12373546	0.22554664	0.13540657	0.117804416	0.025922759	0.045877393	-0.11344371	0.46256122	-0.29446566	-0.049216326	-0.22709326	0.17605318	0.22762519	-0.06301839	0.24425504	0.093792565	-0.2013934	0.2785994	0.24672163	-0.046170063	0.07828631	-0.024153177	0.28909808	0.23389757	-0.060200896	-0.11372993	0.1421183	0.07414653	-0.06851533	-0.2801932	-0.24025904	-0.15403154	-0.095093235	-0.1994636	-0.20397364	-0.20351152	-0.076614335	-0.0019343055	0.13615392	0.07570609	-0.051601507	0.15915324	-0.025292333	0.11536178	-0.050513778	-0.04287519	-0.004128621	-0.045006644	0.123208575	-0.06779977	0.10107979	-0.025375366	-0.18756947	-0.14668629	0.13844721	-0.21428975	-0.082338296	-0.033042047	-0.22181739	-0.22304459	-0.25177482	-0.12922688	-0.053786077	-0.0742846	0.011428172	0.034995012	-0.0047370763	-0.018139677	-0.024372857	-0.041921638	-0.086730115	-0.011059744	-0.0971003	0.32234716	-0.0015128667	-0.079096824	0.06286966	-0.0291305	-0.14196712	0.023715544	-0.01817937	0.17161994	0.19429478	-0.064738296	0.1645151	-0.10871678	-0.22048625	0.03130807	-0.19880982	-0.26688898	0.039594386	-0.16536929	0.06953849	-0.074209444	0.084688656	-0.17221867	-0.25854552	-0.14787453	-0.19537538	-0.004508431	-0.27808455	-0.13473712	0.29940468	-0.06903323	0.053395316	-0.11346409	0.14771625	-0.029225376	-0.16447587	-0.024646522	0.28459418	0.15986143	0.10207246	0.0532525	0.16850388	-0.021204058	0.07556429	-0.090977944	-0.024251169	-0.03434799	-0.023432462	0.20147945	0.032194287	-0.08296446	-0.07988465	0.42387202	0.3711066	-0.20007303	0.03531388	-0.039466925	0.14569968	0.097373575	0.076784275	0.16341282	-0.19984376	0.040052306	0.02161753	0.072155185	0.105569795	0.047497153	0.13465205	0.10032895	0.09414165	-0.10869233	-0.11712476	0.14356336	-0.035885636	0.017070508	-0.034614835	-0.1774922	-0.20895267	-0.06396512	-0.32972458	-0.1483631	-0.06039378	0.30641046	0.20734972	0.3490178	0.18569604	0.090071596	0.19361615	0.35690325	-0.28068206	-0.22890228	-0.3121549	-0.32087848	-0.34936395	-0.3307015	-0.009971074	-0.023932591	-0.25332296	-0.13488469	-0.27147922	0.057139006	-0.07383313	0.18696749	0.32645297	0.25860554	0.11557201	0.07077927	0.078635745	-0.06759032	-0.0014427115	-0.1605929	-0.0044257906	0.33195266	0.25776562	0.21006629	-0.117791206	0.1624115	0.006589891	-0.09762512	-0.1170276	0.12170872	-0.108679555	-0.15527812	-0.14631414	-0.2528704	-0.39460316	-0.1692359	0.05339709	-0.06632081	0.11598388	-0.386387	-0.1747431	-0.2569265	-0.27903664	-0.20634782	-0.17742093	0.036810357	0.28929228	-0.24294896	0.060332797	-0.10206164	0.099749535	-0.07169845	-0.16516858	0.09652949	0.20075803	0.12783645	0.1895281	0.19588998	-0.0016708082	-0.048472222	0.13819484	-0.21415904	0.08097469	0.00080273056	0.23631187	0.22586584	-0.039630014	0.05872856	0.11132941	0.09774117	-0.1230629	0.1467169	0.14508714	-0.23498635	-0.15629604	0.06281492	0.06191536	-0.08687596	-0.03390944	0.057164066	0.019954182	0.16368556	0.099932045	-0.053954642	0.0511975	0.048602417	0.34049615	0.074867	0.11345617	0.16049312	0.074617684	0.1088281	0.25455418	0.19711666	0.23013319	0.3524906	0.35589105	0.2299627	0.11014328	-0.035627224	0.10533238	0.077571385	-0.13740198	0.0074286787	0.14117639	0.14384381	-0.12104934	0.059113085	-0.010112154	0.26695293	0.20764117	0.05812932	0.15727407	0.066562325	0.2157299	0.17001477	0.0040796683	0.0989681	0.029329238	0.079632886	0.021073138	-0.0985089	0.060602043	0.036861885	0.122105464	-0.11023026	0.12984422	-0.052858002	0.053337425	0.050774295	0.054574903	0.19472517	-0.068971545	0.035160914	-0.02320681	-0.2441604	-0.21624926	0.011233216	-0.102338314	-0.014260333	0.36009812	0.23831677	0.22101678	-0.083378196	0.03864637	-0.27569655	0.3039736	-0.18903108	0.06701624	0.32650796	-0.08433815	0.5524621	0.21554512	-0.24663682	0.06403613	-0.26642233	-0.15030807	-0.23694403	-0.28941515	0.22572693	-0.19127187	0.06042398	-0.09040177	-0.27918756	-0.36809617	-0.17754202	-0.25339395	-0.09936119	-0.16697991	0.06938148	0.07720031	-0.13647814	-0.20999713	-0.3569398	0.12702924	0.71031547	-0.4791373	-0.22608122	-0.10013522	0.33764136	0.26277095	0.111219965	0.21812113	-0.045958687	0.20692085	0.29178944	0.2426174	0.20746838	0.03112133	0.057304945	0.1055447	0.073652014	0.02207986	-0.019513197	0.3153028	0.13039573	0.37578955	0.027418168	0.38239875	0.13503885	0.16727668	0.007372702	0.24035826	0.27788907	0.19569053	0.12569271	0.12174463	0.15639238	-0.011224837	0.08114639	0.3200146	-0.17517315	-0.3089894	-0.1642419	-0.29263812	-0.2816865	-0.14896974	-0.024758702	0.04942406	-0.17312618	0.015693432	-0.018004559	-0.0019303769	0.041586533	-0.0022818346	0.06391037	0.028897919	-0.07683412	0.12762867	-0.19689004	0.12970805	-0.08761519	-0.121686295	-0.021717606	0.13665323	0.02130458	-0.033024292	0.14474505	0.218851	-0.222201	-0.056607094	-0.04310683	-0.050949786	-0.25861537	-0.2979194	-0.22530347	-0.08985915	-0.2501035	-0.03778035	0.13488936	-0.24942034	-0.05068131	-0.10520669	-0.19755422	-0.27343756	-0.16997987	0.05598664	0.06031751	0.17940207	0.21684182	-0.3116592	-0.3736472	-0.27506417	-0.25496572	-0.28856966	-0.3618889	-0.32057768	-0.027101569	-0.15161385	-0.005483612	0.07694263	0.15029879	-0.12172454	0.3848964	-0.371349	-0.2086402	-0.19870076	0.1181321	0.2021879	-0.007162322	0.2974765	-0.53665596	-0.07275585	0.102228425	0.53410965	0.35054076	0.16958494	0.20203035	-0.23062588	-0.09580494	0.15543205	0.15043825	0.18606539	0.13044016	0.10016111	0.07122329	0.109540805	-0.01541326	-0.009137505	0.10627862	0.25969917	0.29753497	-0.08727494	0.32833356	0.018724918	0.2769778	-0.048793636	0.33082193	0.3393845	0.35418913	0.39034694	0.23981845	0.28806758	-0.104428746	0.15453227	0.18578316	-0.2351356	-0.36480704	-0.22673893	-0.48957828	-0.32738134	-0.40918487	-0.013975237	0.04512296	-0.5071791	-0.1711927	-0.12657498	-0.06251854	0.04894349	0.023846684	0.08796223	-0.020998608	-0.04936216	0.13790277	-0.33613738	0.030512204	-0.2852318	-0.2207899	-0.3358018	0.26958492	0.12940569	0.058602028	-0.06966215	0.09134512	-0.12894106	-0.17295545	0.1070754	-0.20749086	-0.16818644	-0.1401649	-0.2422717	-0.089568526	-0.44774386	0.13097164	0.33836702	-0.20698431	0.13049884	0.09039323	-0.13785285	-0.377977	-0.3158904	0.09278652	0.051172297	0.0042598527	0.2188224	-0.38382873	-0.30942523	-0.30540594	-0.12088824	-0.18029359	-0.28830546	-0.17300874	0.13640969	-0.07364766	0.15034635	0.22064672	0.2924843	-0.019154755	0.54266953	-0.5241368	-0.03607141	-0.16714436	0.31138888	0.41233045	0.17071657	0.45289248	0.08734034	-0.049175758	-0.38706228	-0.24106994	-0.17145789	-0.10902603	0.14394243	-0.06699919	-0.1588372	-0.20020218	-0.29305252	-0.3025676	-0.06366693	-0.13831754	-0.08703844	-0.083807655	0.13586317	-0.12163405	-0.00049043907	-0.24494603	0.19549914	-0.25043938	-0.029221268	-0.14061375	-0.03800967	-0.22720672	-0.23255959	-0.2824851	-0.42892855	-0.19955547	-0.21700698	0.09738167	-0.20364039	-0.08373426	0.3433334	0.42756712	0.27603665	0.46509832	0.15208569	0.15289669	0.14672026	0.04095682	0.38608405	0.21336713	0.10143894	0.20408061	0.061358888	-0.16117163	-0.06445916	0.14251006	0.2783587	0.15185271	0.42735797	0.1187523	0.33050984	0.08469731	0.1933443	-0.21947873	-0.07970917	0.015966937	-0.16727316	-0.18899812	0.09966443	-0.19060925	-0.18753335	0.09281299	0.06112283	0.43320203	-0.10405666	0.028825661	0.46650678	-0.13365403	-0.42623788	0.36634794	-0.25970623	-0.1765149	-0.19661714	0.2866503	-0.0003511413	-0.4465796	-0.26222295	-0.27798274	-0.18057789	0.14928629	0.18745273	0.10593936	0.11493549	0.12889722	0.17094725	0.041963242	-0.014389566	0.24301414	-0.24904521	-0.33416978	-0.28412834	-0.20774001	-0.59703666	0.62738097	0.14270273	0.18462692	-0.24634396	-0.4666451	-0.2834384	-0.48630503	0.70584184	0.007417162	-0.1315099	0.120636195	-0.08667417	-0.24775667	-0.28299913	-0.2564853	-0.2221111	0.09186986	0.4345305	0.28021124	0.24514036	0.23303328	0.02879383	-0.1344684	0.0041002417	0.10002508	0.046277143	-0.05806809	-0.13632923	-0.070447706	0.039770138	-0.14474055	-0.022982376	-0.019741587	0.12878236	0.08046334	0.21943565	0.17932223	-0.1117584	-0.05053295	0.118002504	-0.007356913	0.0099150315	-0.055374257	-0.110610366	-0.15651241	-0.19740428	-0.15021378	-0.09162657	-0.14713383	-0.12215032	-0.16328461	-0.08176947	0.008453097	0.24778764	0.047133196	-0.057022765	-0.14855364	-0.05515291	-0.06343207	-0.062460843	-0.1396977	-0.14498116	-0.19444619	0.05055066	-0.04554444	0.11658221	-0.070142426	0.13073695	0.5021346	-0.14565343	0.27322936	-0.10072032	0.27263695	0.2751661	-0.11579363	-0.112175696	-0.09383767	-0.14867416	-0.0100697875	0.13642669	0.30988586	-0.046309963	-0.1411195	-0.1582663	-0.2918961	-0.24844383	-0.15737009	-0.24581404	-0.15867358	-0.046917062	0.24117266	-0.10261171	0.25960028	0.20501354	0.098284006	0.27012193	0.57699805	0.346723	0.24970806	0.07939633	0.1791926	0.006923484	-0.12017826	-0.026302362	0.85446244	0.67092526	0.093695045	0.042887006	-0.082301565	-0.2100602	0.15232094	0.035815775	0.059141435	-0.27348593	-0.35933268	-0.43299887	-0.32459268	-0.28187424	0.13601181	0.40475443	0.25225875	0.19023204	0.08313244	0.031142615	-0.13865544	0.017841903	0.27965507	0.24364506	-0.16070257	0.022768844	-0.11106301	0.14828643	-0.074310005	0.101663135	0.086607024	0.10046301	0.1866784	0.23890327	0.23944585	-0.20379573	0.043441873	0.10897368	-0.033238795	-0.07406259	-0.03988961	-0.18860853	-0.16236417	-0.15179661	-0.1377232	-0.08521969	-0.19671893	-0.12900437	-0.04977474	-0.15320274	0.040553126	0.2571694	0.07244645	-0.095868945	-0.1697355	0.05077544	-0.2020353	-0.19805953	-0.2870159	-0.14339428	-0.2318016	0.04923655	-0.015446478	0.05363851	-0.29318413	0.026145525	0.35080093	-0.13925134	0.5546934	-0.252133	0.57686347	0.32949534	-0.008040204	-0.1080201	-0.16604225	-0.073874205	0.09629503	0.031707007	0.3909171	0.013135445	-0.018465398	-0.25203627	-0.25301805	-0.089818165	-0.10550741	-0.26377034	-0.24117006	-0.044400673	0.1300055	-0.07483517	0.2354852	0.14373282	0.04837991	0.29906058	0.4984831	0.25407404	0.28893182	0.13462265	0.39077425	0.15498795	0.06532045	-0.15051286	0.6925939	0.6375646	0.22861426	0.100804	0.08622639	-0.069984496	0.63640565	-0.03844682	-0.22329137	-0.24028353	-0.1711203	-0.004997488	-0.09835779	0.038118307	0.041062012	0.0054843957	-0.043942235	0.03604212	-0.26315784	-0.021737479	-0.11219116	0.21474126	0.36345306	-0.0051637944	0.35678858	0.089910455	0.2881812	0.04860713	0.32495221	0.4124365	0.36020982	0.5381267	0.22541407	0.4602223	-0.20145506	0.10489358	-0.039817765	-0.4164558	-0.23877199	-0.22272235	-0.40851906	-0.571467	-0.44414058	-0.18975547	-0.010205533	-0.39167783	0.016462676	-0.17682996	-0.16141276	-0.258621	-0.020760948	-0.04778465	-0.2633401	-0.2811905	0.064967506	-0.39714193	-0.16217496	-0.4423731	-0.5629845	-0.44193533	-0.061075687	-0.23701765	-0.3715305	-0.15820032	0.10187346	0.09813578	-0.24641684	0.40561914	0.039814115	-0.013446325	0.05426777	-0.15960322	-0.3689128	-0.48372254	-0.30287743	0.24406223	-0.48000193	0.55831164	-0.10643972	0.09983821	-0.5453817	-0.5096695	0.08911893	-0.36462036	-0.3100119	-0.034567885	-0.26641226	-0.10318014	-0.027659997	0.020533532	0.24693881	-0.22867465	0.20218146	-0.02490862	-0.2093552	0.25898853	0.54250747	0.5774825	0.22847678	0.3275608	-0.1827174	0.04681585	0.04583174	0.49696055	0.64653903	0.6510267	0.47548765	0.12890397	-0.15298782	-0.2062913	-0.19483031	0.049336053	-0.04347385	0.17483513	0.121858284	0.080823734	0.08012491	0.09499474	-0.052572396	-0.0025754962	-0.074023955	0.27359447	0.40981394	0.0014368463	0.2723358	0.06640871	0.15886742	0.05795049	0.28180364	0.41135034	0.21788816	0.30250818	0.40216705	0.45858502	0.02106225	0.17751248	-0.006084531	-0.18275177	0.22917607	-0.11178863	-0.35315025	-0.40642866	-0.4059425	0.049263716	0.086642265	-0.3772336	-0.027341576	-0.018493287	0.15600799	0.06344493	0.2360234	0.2726372	0.078779824	0.036324866	0.3232391	-0.18949378	0.035764456	-0.07426968	-0.34950462	-0.35510045	0.11021335	0.057927348	-0.110974155	-0.13472858	0.14968504	-0.17559546	-0.42223412	0.37294918	0.014241712	-0.042618476	0.21849062	-0.37999398	-0.13765167	-0.33842134	-0.084078744	0.29551888	-0.17130542	0.23737097	-0.13028164	-0.07349789	-0.36415702	-0.45548803	-0.045670867	-0.27313307	-0.37839466	0.13728139	-0.31556657	-0.27420264	-0.1887379	-0.1773964	0.19003993	-0.43920198	-0.18282686	-0.11497139	-0.13824755	-0.0043102396	0.27136904	0.4083242	0.01009927	0.2541492	-0.013099359	-0.10379437	-0.05335784	0.44585645	0.57480747	0.49415138	0.58020854	0.43825912	0.028681913	-0.13699941	0.21719497	0.60942644	0.7222663	0.5974824	0.5952366	0.54877555	0.56074065	0.54332656	0.13140363	0.2987317	0.13481522	0.012612486	0.038992967	-0.08073114	0.1689652	-0.05075367	-0.13461336	-0.088906795	-0.010667202	0.07852613	-0.03738156	0.36648902	0.08060909	0.31844205	0.17828438	0.063756704	0.06763483	0.066330984	0.07492297	-0.22539137	0.015804552	-0.2060542	0.20054057	0.12771446	-0.2791182	-0.1438085	0.043289598	0.3369147	0.36006084	0.41083914	0.40436605	0.515155	0.36598068	0.2966481	-0.053146694	0.30804968	0.19482718	0.070556484	-0.15184692	0.5178277	0.49571344	0.3585133	0.18074204	0.14743932	-0.18418933	-0.3307605	0.049731795	-0.2562894	-0.042960394	0.09445996	-0.29356903	0.21431325	-0.27824455	0.34747335	0.07086262	0.21215641	-0.20114206	0.17543913	-0.26235396	-0.0068384456	-0.25375584	-0.22327183	0.16654408	-0.057813905	0.18914461	-0.40347984	-0.06700824	-0.3830344	-0.06709112	-0.11992132	-0.3609347	-0.40502357	0.010445705	0.053740937	-0.22975987	-0.1635524	-0.051933203	-0.3016613	0.15363774	-0.0459654	0.10508884	-0.05671096	-0.04710351	0.088936985	-0.06589099	0.32255304	0.12800165	0.40811428	0.4959571	0.54736465	0.3323192	0.1827332	0.1731392	0.32575747	0.35907844	0.29768735	0.35887042	0.20406003	-0.051339682	0.03857065	0.3294313	-0.0013146681	0.32959723	0.073307894	-0.0067606	0.028949667	0.06387478	0.0127098	-0.21778749	0.08878213	-0.10178764	0.14412181	0.12055681	0.13662183	0.16870043	0.049309988	0.06188853	-0.22421627	0.10234451	0.121944495	0.31754017	0.37863293	-0.22374591	0.19452219	0.14039396	0.23709479	0.2758627	0.013427868	0.093722336	0.22767627	0.2180984	0.10565329	-0.16285568	0.17679296	0.07327638	-0.00064612774	-0.14669305	0.27402726	0.28727227	0.092377566	0.26638514	0.17617701	-0.3463357	-0.088951044	-0.34367138	0.049608678	-0.36886352	-0.09317143	-0.3279998	0.36776224	-0.045864504	0.31461805	-0.10029575	-0.049912658	-0.35466397	0.22338413	-0.2986027	-0.021462226	-0.16197439	-0.12549905	0.16261834	0.040827468	0.06370878	-0.37558162	-0.31126153	-0.45344943	-0.4364145	-0.39983398	-0.3886385	-0.51204383	-0.18750112	-0.12920122	-0.2335664	-0.16988501	-0.27071345	-0.296854	0.07455183	-0.2729182	-0.11390068	-0.2666941	-0.26956	-0.13102116	-0.27276343	0.113516636	0.4856836	0.047990322	0.24059336	-0.18313605	-0.33840448	-0.104744166	-0.24678099	-0.19316962	-0.193705	-0.07592383	0.16070275	-0.10996361	-0.11191042	0.03989436	0.071291454	0.15939449	-0.11185959	0.021016553	-0.102388255	-0.0523092	-0.49364737	-0.43610892	-0.4663144	-0.46903554	0.08225804	-0.40845898	-0.090347484	0.25019714	-0.12201611	-0.08020591	0.19953278	0.05553336	0.21782295	-0.18004611	-0.16763216	0.16548632	0.09089789	0.1315411	-0.099462464	-0.05549051	-0.3016359	-0.30262172	-0.051307388	0.034387875	-0.12468994	-0.09380579	0.15977511	0.16626608	0.18466793	0.33700404	-0.13534606	-0.16947035	-0.014265178	0.265361	0.037387475	-0.16146176	0.24731283	-0.23591836	-0.021912651	-0.20808806	-0.20583108	0.17282048	-0.14331461	0.21120524	-0.17588449	-0.27205655	0.11612136	-0.33031517	0.018924847	-0.013887574	0.21995631	0.24974522	0.13934125	0.117031224	0.27341935	0.122373715	0.18678215	0.04086604	-0.0061082584	0.08324243	-0.14842303	0.0006809083	-0.13658033	-0.26892152	0.06221454	-0.18392861	-0.22996455	-0.24434976	0.0016113855	-0.2096443	0.1337189	-0.28107512	-0.3498515	-0.44589233	-0.38314626	-0.12102499	-0.19803505	0.40516347	0.27281448	-0.10907599	-0.21913485	-0.20700102	-0.065570235	-0.034535572	-0.18407568	0.020927059	0.28565565	-0.34773716	0.057488903	0.19456808	0.12060688	0.25813237	-0.12383389	0.09297093	-0.08707005	0.061825797	-0.13067609	-0.29547814	-0.31274974	-0.2922722	0.024561914	-0.07248553	0.17184952	0.04317564	-0.1920734	-0.051139586	0.11861867	0.06832525	0.33086455	-0.09834751	0.06732662	0.21853206	0.30545002	0.07163471	-0.07675212	-0.19059564	-0.22333853	-0.18512739	-0.11556481	-0.15725727	-0.2423155	-0.108386844	-0.02716472	0.059571803	0.034075417	0.25255468	-0.06336811	-0.12722081	-0.18968686	0.32829663	0.08856209	-0.12770528	0.27011257	-0.47231475	0.27690545	-0.40110695	-0.31356463	0.10534922	-0.025327966	0.1347715	-0.16192758	-0.33612025	-0.34826815	-0.29510042	0.0024541703	-0.05401834	0.086955875	0.24509521	0.055156	0.030403048	0.22416039	-0.11388875	0.039912306	-0.12368103	-0.04865229	-0.2452336	-0.28509176	-0.09859404	-0.18681408	-0.35047635	-0.19641508	-0.17957547	-0.15013294	-0.33323228	-0.06923405	-0.19779883	-0.033805642	-0.25921977	-0.30817533	-0.36092088	-0.23901173	-0.24390963	-0.13802005	0.44151598	0.34694147	0.16240443	-0.055806633	0.22592285	0.21626554	0.12417962	0.27709323	0.23531964	-0.04979509	0.30182135	0.30888188	0.36850202	0.4657242	0.017759059	0.13934395	0.18693408	0.28628933	0.27529424	0.06776218	0.15363023	0.201735	0.40348244	0.31794327	0.11886214	0.07303647	0.08803445	0.0061182543	-0.14830275	0.087063536	0.10972384	0.041016676	0.16944659	-0.11163714	0.37966627	0.0626211	0.4370701	0.10077358	0.17603232	0.22895154	0.20987113	0.119133614	0.11555583	-0.19001077	0.26963738	0.15537587	0.06583861	-0.098061636	0.0477156	0.18181345	-0.099782184	0.21887137	0.021913178	-0.2469413	-0.19409667	-0.21571688	0.11469644	-0.29156914	-0.19312643	-0.19384752	0.1057873	-0.16085356	0.18635361	-0.19549179	-0.19272931	-0.32179925	0.18571052	-0.1441559	0.052886516	-0.030945338	-0.1556943	0.1798656	0.015245489	-0.0888576	-0.39479265	-0.44045502	-0.4170447	-0.48755756	-0.39482617	-0.30940953	-0.49356946	-0.33188206	-0.30421904	-0.4244793	-0.14234619	-0.25110176	-0.31358325	0.040041983	-0.120861076	-0.30370632	-0.29125598	-0.1197879	0.11660729	-0.15044412	0.29430565	0.54394114	0.3638562	0.44591132	0.49703023	0.5556855	0.41775838	0.08693094	0.4594344	-0.083665594	0.13928309	0.0003300049	0.12755667	0.2756445	-0.12670341	0.028066749	-0.0021832432	0.12549353	0.00406433	-0.16320239	0.25224876	-0.031362668	0.28998312	0.030988673	0.17764226	-0.010736874	-0.10115891	0.23831546	0.022827279	0.12014018	0.10848392	0.17057213	0.085274816	-0.064440124	0.052767154	0.012048849	0.23058255	0.17368442	0.12858687	0.18604958	0.36964995	0.25291267	0.22336698	-0.038265258	0.18009081	0.21894592	0.13295537	-0.026595091	0.3981965	0.3843578	0.16299848	0.18768951	0.011167897	-0.44382647	-0.1847618	-0.2686203	-0.15082729	-0.19775368	-0.19241928	-0.123249725	0.2323526	-0.28380808	0.29208118	-0.052568696	0.02866826	-0.42596385	0.16661143	-0.1375793	0.12342129	-0.04874312	-0.020643214	0.18771441	0.08107354	0.079396576	-0.30813524	-0.21474285	-0.24784957	-0.26886395	-0.28434524	-0.26337746	-0.50372666	-0.30041698	-0.10932703	-0.4009248	-0.2463473	-0.24848843	-0.30533487	0.10078678	-0.037301093	-0.16060603	-0.29590464	-0.13636132	-0.08328101	-0.122936524	0.30755582	0.7306425	0.6175828	0.71114105	0.67815626	0.5051687	0.18653375	0.30398977	0.16380888	0.3020965	0.05747566	0.13241005	0.20589186	0.027900333	-0.038078226	0.05429973	0.14877377	0.2573805	0.10071616	0.49573225	0.2838165	0.23334058	0.22945529	0.16012596	-0.10726222	0.01822715	0.0045384867	-0.34922555	-0.09301619	-0.19927803	0.23666662	0.20247895	-0.29707292	-0.023523359	0.008843084	0.2677816	0.19338311	0.35477516	0.43815476	0.40438285	0.22118357	0.32552743	-0.10221853	0.17373903	0.012978543	-0.080277845	-0.26406986	0.3913606	0.43560985	0.20089214	0.08796156	0.043923456	-0.19893011	-0.34984553	0.053745512	-0.15785848	0.03372205	0.0309334	-0.38707748	0.22309697	-0.27597815	0.31546924	0.025713183	-0.0051583136	-0.06571937	0.20408784	-0.18798701	-0.15638946	-0.22913812	-0.2316548	0.14975928	-0.13917384	-0.016075235	-0.38470668	-0.30839622	-0.43424037	-0.3150272	-0.15688284	-0.32484484	-0.41023853	-0.026945213	-0.086788826	-0.19646075	-0.041330997	0.07196465	-0.2207841	0.16396691	-0.12222742	0.100844614	0.0046581356	0.19028766	0.20340513	-0.033530682	0.48067862	0.66921914	0.7881764	0.70819473	0.46632293	-0.053157784	0.28363037	0.18184578	0.28632206	-0.179257	0.027627878	-0.0029993623	-0.024013504	-0.10163634	-0.001058146	0.10300177	0.33400393	0.18600331	0.5401239	0.3025019	0.24585006	0.2959011	0.12575182	-0.06476334	0.07887975	0.0881549	-0.25740805	-0.0268814	-0.21750686	0.09973826	0.012345251	-0.3595542	-0.21942215	-0.036969457	0.22537	0.22023141	0.503383	0.4359313	0.32540587	0.12337713	0.25881642	-0.07560243	0.060734805	0.04088227	-0.013521729	-0.22473934	0.39872226	0.40734985	0.25660068	-0.054271672	-0.033415005	0.0037979276	-0.3287157	0.22704563	-0.20027576	0.20072302	0.09317527	-0.26460725	0.12300945	-0.3875206	0.27435228	0.1271669	0.06622993	0.02359027	0.20818186	-0.17850256	-0.11984928	-0.26866302	-0.21875377	0.03607649	-0.18835765	-0.06720421	-0.3993092	-0.08850074	-0.35607335	-0.11580104	-0.11278252	-0.24291761	-0.20187797	0.20439723	0.030994797	-0.09963971	-0.04143119	0.07326243	-0.20376582	0.14813577	-0.15904203	0.45694467	0.29371452	0.19728695	0.2359137	-0.07650885	0.3274603	0.67829007	0.65781045	0.38228738	-0.13506734	0.3040201	0.11685142	0.10742271	-0.20686518	-0.17960422	-0.20032988	-0.09718401	-0.30269933	-0.18912399	0.008992733	0.031999737	-0.1087986	0.3927351	0.025875406	0.19786799	-0.040696982	0.124221094	-0.1327346	0.052115522	0.11450944	-0.16505419	-0.122118294	-0.24979113	0.11444991	0.0040005012	-0.25568822	-0.29077014	-0.12612401	0.15341954	0.16971044	0.38576177	0.32367247	0.44097942	0.28615445	0.31598556	0.029119516	0.06916071	0.15595633	0.006438331	-0.074209034	0.36812547	0.43537635	0.35721228	-0.13933028	0.0007832045	-0.006572621	-0.34121907	0.09842649	-0.15956156	0.084089346	0.23894222	-0.2627341	0.07989667	-0.3301079	0.17892198	0.008199704	0.22227016	-0.03870672	0.07721065	-0.25252753	-0.054025754	-0.28239712	-0.27481326	-0.15268902	-0.20054437	0.020072958	-0.36018312	-0.030659324	-0.26935592	-0.006598549	-0.048752103	-0.2964102	-0.21635681	0.22654764	0.25599223	-0.09838617	-0.1745184	0.021359673	-0.19046165	-0.00430065	0.02945761	0.35541445	0.18253891	0.07802457	0.08420117	-0.0590964	0.15304182	0.80450505	0.50006807	0.11000574	0.33559188	0.17008543	0.33149725	0.0012273148	0.07820371	0.15799601	0.0044535566	0.015892796	0.055436425	0.2037773	0.24195974	0.006070661	0.47571227	0.21316503	0.19013602	0.20151956	0.18897028	-0.10833143	0.17146015	0.25081137	-0.1534588	-0.04910645	-0.08254095	0.27261195	0.19690673	-0.20174101	-0.0037938722	-0.010024901	0.21124655	0.19762623	0.31993634	0.31116614	0.3058556	0.117745444	0.38020512	0.019272314	0.047927715	0.04514236	-0.1304888	-0.2160611	0.34314007	0.2917668	0.13111314	-0.04972573	0.034334857	-0.18713158	-0.37395898	0.032573916	-0.1674937	0.08261436	0.110646	-0.3652682	0.22559552	-0.29886705	0.15998405	-0.073727384	0.04414248	-0.12366841	0.076811455	-0.2555643	-0.1302227	-0.2894766	-0.27843338	-0.099435024	-0.3048936	-0.09948251	-0.39607105	-0.13251899	-0.33669293	-0.24742	-0.17257881	-0.33892116	-0.32197738	0.036994796	0.0060701473	-0.19100495	-0.115743145	0.050278556	-0.23197825	0.02399802	-0.03782191	0.3235618	0.19277754	0.15516402	0.07216833	-0.13758367	0.21553928	0.48782763	0.10229657	0.28005028	0.1760449	0.23271434	0.08385279	0.05587065	0.16476722	0.03772034	-0.02641713	0.011434545	0.20765427	0.21631102	-0.051345985	0.47902873	0.1470106	0.12566866	0.088606775	0.15161034	-0.067061044	0.08721919	0.16711603	-0.10550051	-0.118909396	-0.14831483	0.27236593	0.22474055	-0.27305406	0.03457604	-0.10820625	0.1840673	0.08031422	0.19641364	0.2520481	0.29155448	0.13723306	0.31382915	-0.035493683	0.056852307	0.00278001	-0.18036467	-0.28590247	0.3257207	0.28890052	0.12843475	-0.099653736	-0.0536491	-0.14455761	-0.3534548	-0.10215512	-0.18161453	-0.03619562	0.065614484	-0.39101094	0.21541438	-0.3373025	0.17936228	-0.10019638	0.009383201	-0.13321616	0.15315373	-0.2567539	-0.18348923	-0.2852913	-0.31802896	-0.0869187	-0.2756969	-0.12719141	-0.35684276	-0.14629668	-0.2749531	-0.20090616	-0.14720613	-0.27702436	-0.28476647	0.011429178	0.033427823	-0.18396746	-0.11546534	-0.030143997	-0.193631	-0.0361854	-0.031357408	0.31550354	0.08800117	0.1626913	0.038328446	-0.1086327	0.2823773	0.11223426	0.3172484	0.16683638	0.03257997	0.020791955	0.0036979802	0.14574067	-0.01758704	0.050387267	-0.04539617	-0.033594247	-0.01107113	-0.12520425	0.25023654	-0.00038496664	0.12235684	0.09069925	0.15347862	0.28094873	0.20505029	0.49912	0.2608082	0.4023409	0.29946426	0.27196577	0.14002314	0.06927045	-0.034406956	0.14874017	0.25074747	0.39601666	0.2838483	0.27190825	0.3535785	0.19121982	0.32397345	0.18438831	0.19350114	0.20684285	0.32376003	0.026401518	0.2334351	0.3456465	0.19421291	0.043805324	-0.038722314	-0.2607765	-0.2075856	-0.084182754	-0.15658215	0.110876836	0.057870265	-0.07457225	0.5406651	0.021949539	0.5186394	0.12690441	0.19788094	-0.33041757	0.31348842	-0.17470762	0.23979388	0.106626175	-0.00868884	0.25609282	-0.03419851	0.0596204	-0.03364282	-0.023295984	-0.11520786	-0.121008866	-0.19608022	-0.041607585	-0.36165565	-0.06597152	-0.13971135	-0.31486428	-0.3733212	-0.22603802	-0.1922753	0.017473524	0.033671036	0.03400317	0.09237297	-0.15610814	-0.18309018	-0.22647175	0.10806673	-0.22245125	0.18694383	0.13749737	0.7418996	0.21270753	0.6127621	0.61034316	0.2525036	0.26161382	0.11099883	0.21168588	0.15991504	0.09223843	0.2941451	-0.044056926	0.41454762	-0.1689145	0.055876013	0.19038679	0.11886578	-0.17834911	0.14699775	0.24442433	0.65715694	0.8217904	-0.23466876	0.49918437	0.55578226	0.33955136	0.32546428	-0.18049844	-0.07201695	-0.03706232	0.092645526	0.10294357	-0.3249153	0.102220565	-0.29652038	-0.31605887	-0.54126483	-0.032308787	-0.028327715	-0.2061964	-0.032399055	0.00010879833	-0.26259905	-0.31655607	-0.12067419	-0.13997099	-0.13652442	0.039272137	-0.37225553	0.51929075	0.2788017	0.2234001	-0.18349451	-0.10123456	-0.13801035	0.23541327	-0.22515136	-0.2466238	-0.21312541	-0.18646862	0.03439127	-0.2964932	-0.25583738	-0.31450945	-0.40272585	-0.4262497	-0.42446348	-0.2550116	-0.30776754	-0.28219435	-0.18820144	-0.2163132	-0.20447965	-0.059484135	-0.021724032	-0.19100834	-0.10740195	-0.19124942	-0.21188422	-0.20026475	-0.038569156	-0.040303793	-0.06452882	0.22604348	0.01113651	0.361812	-0.13353737	0.25342727	0.17782812	-0.26040244	-0.16891442	-0.13367411	0.015712734	-0.029775882	-0.22796156	0.21565634	-0.0801558	0.40177223	-0.1860423	0.66837174	0.08747601	-0.11851547	0.19227502	0.17544742	0.1309599	0.16613108	-0.23639226	-0.21145712	0.0925119	-0.022441965	-0.018264344	0.15721709	0.18974455	0.24104871	0.17018066	0.35199094	0.19546524	0.16659802	0.15677452	0.32065967	0.34838653	0.29548526	0.22643386	0.26028678	0.2880196	0.20209478	0.15016371	0.16052398	-0.04308691	-0.1456978	-0.018057503	-0.06997497	0.042513352	0.022729285	-0.008155435	0.034043625	-0.20210835	0.14066248	0.013518185	0.028283117	-0.32082486	0.13791844	-0.23424701	0.2502659	-0.031163635	0.001772278	0.08489325	-0.024477316	0.07980077	-0.123178214	-0.011395037	-0.15112172	0.01639341	-0.19524314	-0.14031525	-0.32019168	0.03772403	-0.0064196023	-0.34379384	-0.3616707	-0.21357095	-0.22281417	-0.010531541	0.08351006	0.0911515	0.021831878	-0.27322862	-0.17401153	-0.21690485	-0.010124807	0.40552643	0.10697431	0.44989094	0.17033549	0.5602537	0.29319772	0.5259791	0.47676817	0.21977949	0.16427739	0.23381412	0.37681657	-0.1774885	0.07657639	0.022592096	0.14928256	0.036355473	0.13099067	-0.16179436	-0.2685944	-0.23133877	0.122369856	0.1317741	-0.27606466	0.10848825	0.3107504	0.16822225	0.2028212	-0.059710946	0.14933683	-0.020213122	0.13186571	0.6612981	-0.18154532	0.21894327	-0.20430648	-0.26973966	-0.33329007	-0.1216369	-0.10980502	-0.08575097	-0.40181303	-0.09134319	-0.25864628	-0.435327	0.18589139	-0.31873107	0.24785753	0.2858516	-0.4550072	0.039912496	0.036750868	-0.009415009	-0.041521184	0.1293321	-0.07123854	0.0702643	-0.42000714	-0.33930215	-0.35436338	-0.22096975	-0.14111027	-0.37762114	-0.09980243	-0.29959443	-0.29101208	-0.36982578	-0.19674955	-0.2881449	-0.28330103	-0.19604908	-0.009982946	-0.02134257	-0.16332883	-0.09738266	0.18382567	-0.19927503	-0.08357621	-0.17637917	0.14344005	0.07955057	0.17245644	0.021507928	-0.06687581	0.2639262	0.09474637	0.7083099	0.39211792	0.3312217	0.22160506	0.47126558	0.5991356	0.19232354	0.1587346	0.43068543	0.48661816	0.012602719	0.07751551	0.34579456	-0.1119613	-0.0035112044	0.08338433	-0.24573761	-0.29892197	-0.06731374	-0.026358372	0.09358639	-0.28094876	0.30569103	0.1464263	0.11575814	0.005815587	0.05498111	0.071578994	-0.08349149	-0.09218476	0.3295466	-0.30233514	0.096649274	-0.27998453	-0.3041725	-0.4186286	-0.10279234	-0.12241989	-0.25100264	-0.2080128	0.061572425	-0.114974566	-0.3909398	0.3299413	-0.124964826	0.1097048	0.12852275	-0.34099957	-0.055340473	-0.21072674	-0.055285774	0.021538064	-0.26290095	0.121404536	0.09384584	-0.24012761	-0.384971	-0.3620426	-0.0527003	-0.15031967	-0.38336295	-0.19443254	-0.32881764	-0.38369727	-0.40182835	-0.29260808	-0.23239194	-0.33732116	-0.2255264	-0.012989946	-0.2382523	-0.09651536	0.08836605	0.29742584	-0.026761893	0.06922262	-0.18854845	0.13329543	0.12986591	0.1740484	0.19488582	0.13346227	0.33773905	0.15797612	0.6703638	0.49986044	0.20027833	0.21221133	0.14921606	0.12445708	-0.04675862	0.030947894	0.18463486	-0.04001668	0.25368923	-0.039468143	-0.04207794	0.14218602	-0.00267765	-0.12759136	0.07025206	0.29371825	0.44756392	0.759318	-0.14392419	0.718271	0.38143831	0.3242891	0.12919097	-0.16500477	-0.10782455	-0.087485075	-0.058748003	0.0075573386	-0.37153068	0.0658859	-0.25700855	-0.3816182	-0.41733944	-0.15080431	-0.18205847	-0.3400795	0.051246807	0.06782326	-0.1991064	-0.20570154	-0.22407095	0.09491747	-0.13407162	-0.016428644	-0.2810748	0.37891567	0.24553475	-0.021595163	-0.3398803	-0.24009416	-0.12591909	0.11094298	-0.2385547	-0.27292925	-0.16861042	-0.2848162	-0.0075838584	-0.20680131	-0.33157688	-0.28768298	-0.3070074	-0.29259923	-0.37425226	-0.22302166	-0.31894982	-0.21399508	-0.24954946	-0.26166004	-0.20437412	-0.06743797	-0.105427146	-0.14200388	-0.2293811	-0.14437938	-0.16076888	-0.10875841	-0.23808444	-0.15081462	-0.108361125	0.027752379	0.55586517	0.4707208	0.52862674	0.69343746	0.6319721	0.18703526	0.21485047	0.11587599	0.40241498	-0.142984	-0.023976015	0.12104429	0.026184328	-0.19684073	0.12952971	-0.09103808	-0.10711962	0.09051628	-0.15607792	0.07866058	-0.09360533	0.42190006	0.20130758	0.019607622	-0.045481335	-0.13621116	-0.121649496	-0.27687123	-0.26051635	0.24637517	-0.3759471	0.20785922	-0.29464602	-0.21505108	-0.3375291	-0.17907263	-0.30232978	-0.38476366	-0.04873934	-0.011105752	-0.20620489	-0.2554453	0.12799324	-0.20627972	-0.044281706	-0.08963204	-0.20227483	-0.000666998	-0.0560774	-0.040993467	-0.018807333	-0.2639505	-0.064456314	0.21723217	-0.18906449	-0.23128885	-0.12976234	0.115551	0.0790981	-0.17082736	-0.21393344	-0.21173057	-0.44890842	-0.31444338	-0.3722081	-0.28936163	-0.22885747	-0.29863662	-0.15581049	-0.30395228	-0.2852827	-0.019672656	0.15228248	-0.15151747	0.098092966	-0.22377373	-0.107777484	-0.07412569	0.047480848	0.1049785	0.09021027	0.39870417	0.3902516	0.42381358	0.37034923	0.33059734	0.048608765	-0.042666912	0.07433133	0.24969147	0.062156137	0.12011421	0.072302915	0.078037515	0.03857528	0.12768294	-0.07165694	0.097262286	0.30391267	0.16867305	0.46267396	-0.02643222	0.70364296	0.30571398	0.2576187	0.13181764	-0.10187604	-0.105040476	-0.10028457	-0.1008362	0.13764477	-0.3006891	0.21417077	-0.15095107	-0.23129562	-0.35087004	-0.03827324	-0.17935471	-0.30773124	0.17730112	0.10471598	-0.2761471	-0.2573759	-0.09771116	-0.15835372	-0.109796554	-0.15490739	-0.2479703	0.29048154	0.06267019	0.03349994	-0.21740842	-0.17109905	-0.23131266	0.19668105	-0.15118417	-0.07892548	-0.15402418	-0.029669859	0.1234011	-0.15245755	-0.19121963	-0.23864079	-0.3561618	-0.31899425	-0.37986982	-0.1794443	-0.28051317	-0.37745443	-0.2510946	-0.23021553	-0.3329746	-0.11578478	-0.06144196	-0.20117001	-0.046451416	-0.07954819	-0.17787053	-0.17816831	-0.255862	-0.1381858	0.023820756	0.21658735	0.42241526	0.6040867	0.40966898	0.28784385	0.3543577	0.129113	0.4276525	-0.37338185	0.29136467	-0.14852932	-0.12772216	-0.11416346	0.016635828	-0.28876454	-0.16607401	0.0070874216	0.32322788	0.5964306	-0.36809835	0.37408307	0.50026226	0.030712672	0.12632324	-0.2040853	-0.1463029	-0.3086016	-0.17013216	0.17140324	-0.54985213	0.01903597	-0.6379835	-0.51435703	-0.6311955	-0.20866524	-0.26987377	-0.33751106	-0.2423298	-0.042800277	-0.14168577	-0.23329602	0.08968866	-0.19647288	0.04979588	0.060449466	-0.31064713	0.21228305	0.15085883	-0.037836187	-0.078880735	-0.24092267	0.13606599	0.17495173	-0.30819154	-0.59538287	-0.3112177	-0.1045466	-0.07092554	-0.27188483	-0.35066175	-0.3437373	-0.34795097	-0.36568666	-0.29427677	-0.34196246	-0.28578833	-0.034089506	-0.0021846867	-0.23592454	-0.0049921246	0.09111371	0.24611856	-0.056680564	-0.03969362	-0.47012487	-0.0046012667	-0.02568246	0.18660903	0.13563234	0.038510006	0.3331274	0.7105496	0.5213855	0.103073925	0.110339366	-0.05317343	0.19474629	-0.3112706	0.03184906	-0.17829698	0.11642949	-0.05849098	0.32444057	0.0474147	0.08077229	0.19940054	0.10297846	0.20641316	0.2352717	0.51970357	0.291019	-0.06695359	-0.04456325	-0.22180818	-0.16816005	-0.32269326	-0.29390395	0.23221724	-0.095010474	0.06410541	-0.26068017	-0.27108386	-0.1558031	-0.22288845	-0.37901917	-0.48588416	0.027103642	-0.08911957	-0.27658278	-0.06367514	-0.06178813	-0.154048	-0.0324908	-0.09438706	-0.08325552	0.18150471	0.29702735	-0.16201289	-0.21145257	-0.2471603	-0.13071437	0.0126988925	-0.080700256	-0.1743424	0.06582783	0.032029547	0.071000926	-0.080482885	-0.29729384	-0.0071103596	-0.3132917	-0.045363024	-0.40165514	-0.20621544	-0.058312997	-0.15180473	-0.37224656	-0.33853486	-0.23576522	-0.0014593358	0.11468361	-0.17311655	-0.12129696	-0.03392468	-0.20439239	-0.11363569	0.10808315	-0.024921328	0.0034027032	0.22321759	0.7986058	0.28982863	0.28075662	0.13549156	0.44141755	-0.37750477	0.114284635	-0.013640713	-0.065695405	-0.09844894	0.113765486	-0.28912598	-0.17178622	-0.05360842	0.117318936	0.2615346	-0.1539376	0.38052037	0.24768804	-0.049990196	-0.052341215	-0.20299748	-0.16246295	-0.3693426	-0.28182346	0.30156794	-0.39172536	-0.0045069065	-0.4636941	-0.41139165	-0.45956317	-0.19953527	-0.37291056	-0.42951825	-0.10534376	0.021009924	-0.24337885	-0.24848494	0.08279821	-0.19502982	-0.04341158	-0.022743953	-0.25012282	0.105675265	0.070332155	-0.112097174	-0.10069204	-0.27561885	0.037023086	0.11611304	-0.13575813	-0.4013124	-0.16076985	0.0046337815	0.057077624	-0.19893716	-0.2994094	-0.22526352	-0.5001111	-0.3189635	-0.43297246	-0.26295745	-0.23155147	-0.18874037	-0.20418012	-0.36983797	-0.110976934	0.11670665	0.29946154	-0.09842286	0.0805663	-0.2899547	-0.049818773	-0.02549332	0.24140687	0.18040726	0.10805013	0.41895217	0.27311963	0.19652736	0.22939773	0.39874	-0.28802496	0.05651369	0.124164954	-0.091799974	-0.07768964	0.05349485	-0.30289394	-0.3546696	-0.1598851	0.07595971	0.17411324	-0.18733436	0.37206656	0.059343856	-0.019046985	-0.18032832	-0.17917591	-0.088746086	-0.2684354	-0.23182057	0.3037487	-0.3426913	-0.0714245	-0.38443908	-0.46215755	-0.38853905	-0.16736217	-0.34126857	-0.40666354	-0.21962097	-0.026912684	-0.22231641	-0.31995282	0.031147448	-0.13666512	-0.11341153	0.05315971	-0.27768996	-0.038043078	-0.121200636	-0.19100401	-0.22324081	-0.35895768	0.04896201	0.07391077	-0.10595147	-0.39963597	-0.1805196	-0.06419799	-0.11487515	-0.29447562	-0.31513244	-0.2449933	-0.48912972	-0.3249977	-0.4095979	-0.2395674	-0.23755324	-0.2121101	-0.23649691	-0.28635678	-0.11737855	0.09717519	0.28872272	-0.0124439085	-0.031876616	-0.1587672	0.009238983	-0.025860008	0.268519	0.20296793	0.16437043	0.4409133	0.70599926	0.4397048	0.641891	0.048129067	0.60541636	0.088786334	-0.2873681	-0.05273976	-0.082684405	-0.31285787	-0.19601353	-0.2987006	0.18641008	0.22319606	-0.39986363	0.039209723	-0.019591866	0.2555017	0.056854725	0.23433876	0.35434267	0.0786883	-0.088756666	0.12835163	-0.20691338	-0.038412254	-0.2262403	-0.3267058	-0.45986694	0.1677041	0.13117075	-0.14236008	-0.13507575	-0.07504704	0.014273288	-0.3344177	0.05418981	0.093369424	0.09107804	0.078506865	-0.26950467	0.03278987	-0.30546016	0.07353136	0.12060895	-0.2604199	0.16733994	0.093942426	-0.18920058	-0.37908217	-0.3397201	-0.26172212	-0.08167606	-0.28955004	-0.20784794	-0.45957747	-0.23760119	-0.31074217	-0.27920786	-0.13645826	-0.18552089	-0.021019695	-0.028525999	-0.23889875	-0.032464758	0.2125059	0.11262045	-0.1689531	0.1135028	-0.27368864	0.15393828	0.126701	0.46858168	0.5109192	0.025771275	0.46207437	0.30921468	0.6350714	-0.09761982	0.5353793	-0.13108638	-0.29097414	-0.22806616	-0.117195435	-0.35790238	-0.22219428	-0.29819113	0.040203944	0.09311365	-0.42669764	-0.109804645	-0.016587002	0.03746361	-0.023008464	0.16996518	0.18681629	-0.14061928	-0.20491497	-0.027143665	-0.29615128	-0.114503	-0.40598547	-0.33241194	-0.44192588	0.07834525	0.0005272227	-0.23401317	-0.2004971	-0.07545988	0.08511549	-0.16658214	0.29877287	-0.020051686	0.117054805	-0.031171778	-0.013847111	-0.12827305	-0.35277697	0.0010106241	0.30442414	-0.32487303	0.43815184	0.054612633	0.10637926	-0.41611952	-0.27958614	0.08537405	-0.07317423	-0.19066618	-0.07296369	-0.24818401	-0.12401856	-0.14506507	-0.06483678	0.036998454	-0.072947204	0.20121199	0.04927037	-0.23823068	0.2171128	0.47846055	0.36174312	0.109330654	0.3324309	-0.35805127	0.04116506	0.085625276	0.59842855	0.6788293	0.35409093	0.5299977	0.6263901	0.29801938	0.3446265	0.3163233	-0.18475828	0.073594056	0.0037038722	-0.3660824	-0.1926662	-0.36035216	0.18473338	0.13784339	-0.42224076	0.046224315	-0.124215186	0.40958744	0.13148782	0.5112106	0.5996263	0.43449512	0.26849318	0.3492051	-0.027378054	0.1387414	-0.036656108	-0.18141416	-0.45353717	0.36626416	0.44770628	0.21901456	-0.22760285	0.014255844	-0.06589412	-0.50593	0.25929368	-0.18080977	0.17899074	0.18781333	-0.43023166	0.066943966	-0.38677904	0.21186706	0.17761517	-0.035122972	0.063865125	0.0051894817	-0.3044434	-0.31920037	-0.42747158	-0.33644128	-0.061727583	-0.35425	0.009968032	-0.44537112	-0.17588547	-0.36179742	-0.14629067	-0.12467048	-0.26083148	-0.17104957	0.18869708	-0.02873807	-0.09929407	0.062953055	0.1526938	-0.19947468	0.14554593	-0.1718875	0.24372463	0.18591776	0.33163822	0.37594405	0.020883732	0.37761652	0.0025844555	0.4735824	-0.025034351	-0.24325211	0.005493528	0.03802632	-0.34489813	-0.27470103	-0.29675823	0.15839529	0.2578663	-0.37369496	0.21376555	0.10794156	0.39836398	0.050902598	0.29569763	0.37083238	0.06832775	0.003830156	0.29783154	-0.25047648	0.07407073	-0.28984174	-0.38805643	-0.5944833	0.09072889	0.0651	-0.12097171	-0.2504776	0.0025241277	-0.023536472	-0.524482	0.27743483	-0.006982864	0.20213248	0.16851415	-0.41911992	0.03473334	-0.20233974	0.043442227	0.11393234	-0.1817301	0.22578204	0.005675552	-0.2604582	-0.465355	-0.46255997	-0.27583322	-0.16907384	-0.46803108	-0.16790333	-0.4963185	-0.3191722	-0.39715958	-0.30104566	-0.079328075	-0.26062804	-0.10174272	0.082864575	-0.16484763	-0.030842116	0.24299596	0.25103468	-0.15098849	0.1530681	-0.23749332	0.16396475	0.22871722	0.38885346	0.5183117	0.13166638	0.5009311	0.21052699	0.18844494	0.18170384	0.29256886	0.008837189	0.028111516	0.23040384	-0.01539485	0.0068628625	-0.1533623	-0.10091626	-0.0500572	-0.0052668937	0.65573776	0.38036248	0.48610252	0.44606742	0.69205904	0.58448523	0.098484285	0.24287525	0.40452692	0.64343536	0.37093073	0.2148595	0.3627395	0.56630224	0.4248573	0.11844548	-0.0013587138	-0.08660385	-0.2716416	0.032906946	-0.09574424	-0.03191509	-0.012924157	-0.11701546	0.0040286337	-0.20835266	0.2306608	-0.022419835	0.28641677	-0.3865855	0.048554115	-0.2102233	0.35603017	-0.07059119	-0.26831037	0.10515673	0.007933988	0.2430027	-0.30076528	-0.014231192	-0.24130824	0.029397815	-0.13723457	-0.16399567	-0.32816184	-0.034256678	0.11420031	-0.4416438	-0.35383382	-0.32296488	-0.3758289	-0.014422432	0.19396466	-0.18249243	-0.21734983	-0.24872032	0.021084022	-0.15073858	0.05323787	-0.027445976	-0.15327108	0.17615476	-0.035176136	-0.28313994	0.05563649	-0.046076905	0.39859048	0.38632658	-0.29928043	0.10836212	0.22682351	0.37101382	0.21339896	0.37095243	0.35046732	0.12255683	0.0675932	0.038635172	-0.22107399	-0.18122901	-0.15721767	-0.14968675	-0.3510769	0.14408621	0.20999266	-0.04628938	-0.13891418	-0.14801179	-0.15022969	-0.27575326	0.040244587	0.025752839	0.050005756	-0.060458843	-0.12157438	0.14655563	-0.18374951	0.16153044	0.03825028	-0.15288822	0.024737265	0.04844004	-0.09124167	-0.2612889	-0.17606115	-0.24237965	0.033391535	-0.09724622	-0.16887301	-0.4679929	-0.19385555	-0.29127607	-0.2415781	-0.21924675	-0.24049164	-0.03668455	-0.10332161	-0.2636626	-0.05090406	0.13308011	-0.022241807	-0.17358965	0.13234201	-0.28166834	-0.069570474	-0.0004739054	0.23973991	0.33833957	-0.012345667	0.36404848	-0.026723638	-0.04243514	-0.024411496	-0.024924548	-0.0688292	0.0026479652	-0.15372877	-0.13649802	0.0631185	0.0061779274	-0.22753447	-0.05896926	-0.054259393	0.13402013	0.16732146	0.16104816	0.07038652	0.114382595	0.1654617	0.011385549	0.10520974	0.07771533	0.07013457	0.07380445	0.12862559	0.09996216	0.061548404	0.23689356	0.021243185	-0.08476325	-0.001290016	0.014371713	0.07968294	0.06648768	-0.02911982	-0.09856632	-0.23499511	-0.0641678	-0.013029275	-0.09090075	-0.0424486	-0.066903494	-0.10462919	0.04134136	-0.09766681	-0.07340072	0.003711728	-0.035997607	0.05679596	0.003871751	0.061354727	-0.08616436	0.12924266	-0.07128345	-0.036254324	-0.032502055	0.16521764	-0.013595462	0.016385721	-0.070986174	0.015458578	-0.0012789912	-0.007530642	0.0040394515	0.15414327	0.13526767	0.04200924	-0.08388235	-0.11708662	-0.060661666	0.2438383	0.2880706	0.35224923	0.3857511	0.32046974	0.0629065	-0.097032316	0.24380897	0.08421973	0.20666368	0.24061497	0.2778611	-0.05311865	0.08020077	0.20049769	0.29519343	0.122993276	0.23910455	0.32146809	0.38662443	0.41868827	0.3209379	-0.0092369495	0.10385744	0.18276058	0.0071909125	-0.07095942	-0.076123066	-0.064331435	-0.0593616	-0.23515983	0.055422988	0.13333836	-0.08826681	0.21174386	0.35493428	0.20001909	-0.19714661	0.3504525	-0.4763933	0.14462467	-0.19582127	0.4189294	0.24189927	-0.092142366	0.19449075	0.043786872	0.08179336	0.20745264	-0.11093712	-0.17562903	-0.05167816	-0.20235117	0.12632489	-0.29027706	-0.01731383	0.2038161	-0.34812707	-0.47105882	-0.31508777	-0.3055273	-0.2427696	0.24282202	-0.085029535	-0.04803576	-0.29330635	-0.3969812	-0.35316932	-0.13951294	0.26674944	0.1889072	0.21446142	0.10521657	0.3369882	0.1932014	0.016305938	0.011232611	0.21173678	0.40600175	0.37971386	0.24718186	0.18383814	0.26785862	0.3310842	0.26234534	0.29311088	0.11638411	0.39161736	0.15263982	-0.019913532	-0.07388431	0.12810695	0.10339751	-0.019232312	0.092933856	-0.11045461	-0.3179847	0.08580007	0.18745475	0.06669102	0.43953526	-0.24070714	0.28451073	0.16561207	0.15171413	0.07955802	0.39464357	-0.17148322	0.014624652	-0.13816671	0.22308321	-0.1569517	-0.23522905	-0.14710885	-0.33464476	0.018086452	-0.0959738	-0.016820572	-0.092379145	-0.10111417	0.19348182	-0.16229862	-0.20742671	-0.13130178	0.080938525	-0.19484633	-0.17927195	-0.13475993	-0.15962209	-0.21366242	0.44823942	0.013423726	0.13203062	-0.023362832	-0.084456526	0.006475827	-0.042853467	0.62321573	0.48157555	0.5113195	0.23113693	0.12261983	0.33425042	0.15671645	0.3363327	0.2401406	0.3700699	0.006227583	-0.07761075	0.10675704	0.107950464	0.3104157	0.23288509	0.12745966	0.20875043	0.21724695	0.05880718	-0.02291287	0.038866777	-0.106257744	-0.16152273	-0.028456423	-0.24916986	-0.24913773	-0.02561817	-0.068163514	0.054594174	0.2949038	0.030962003	0.4945672	0.24207349	0.26585165	0.008372696	0.10588117	-0.3609946	0.09898607	-0.2581429	0.24807931	0.005262393	-0.007686452	-0.09742566	-0.30137157	-0.13189065	-0.02393753	0.039042912	0.042915653	-0.123593085	-0.15083188	-0.08954811	-0.23519044	-0.24444553	-0.20726627	-0.36805028	-0.4063344	-0.17148425	-0.25341693	-0.26300022	0.28620195	0.0065136007	0.14555314	-0.19800363	-0.22314464	-0.20047313	-0.085801035	0.5018747	0.58173865	-0.09241853	-0.21601175	0.6502318	0.0336756	0.11428403	0.0101618795	0.05953625	-0.15624799	-0.21621902	-0.004323856	0.012354094	-0.0357548	0.42764062	0.07345691	0.37071714	0.45218465	0.4765854	-0.20103599	-0.11224244	-0.0062630563	-0.054611705	-0.14873147	-0.005954872	0.15388446	-0.24835764	0.09990958	0.073228054	0.09181698	0.38123503	0.17289503	0.33432943	0.049359165	-0.07915408	0.2365185	-0.36967674	-0.029219447	-0.0134421	0.51849496	0.37486908	0.07862089	-0.03425482	0.05626019	-0.045909338	0.40969455	0.4142514	0.4830447	0.24603416	0.057970583	0.36292887	0.073506206	-0.14884868	0.06261709	-0.2619141	-0.47748864	-0.4235491	-0.061952095	-0.4453546	0.49369487	-0.036276657	0.11272271	-0.3810999	-0.5366522	-0.285036	-0.44808352	0.696945	0.19553597	0.13183436	0.2641096	0.045615453	0.28663117	0.2631084	0.3975664	0.15189531	0.033166982	0.20681785	0.18087417	-0.13102068	0.16404139	0.23734592	0.35996374	0.6242922	0.25106144	0.18227068	0.2931869	0.24405326	0.17029156	-0.19333126	-0.17186625	0.10735563	-0.23403884	-0.11290657	-0.020215696	-0.14238654	0.3854636	0.61710346	0.28891295	0.57214886	0.10766403	0.24916968	-0.5418587	0.46580094	-0.0066206865	0.5934653	0.5516447	0.18634291	0.4929092	0.24296331	0.021745767	0.19093373	0.07343227	0.09444453	-0.010883888	-0.21892723	0.17849737	-0.22675331	-0.10104882	-0.08653576	-0.4260572	-0.53647727	-0.5219444	-0.2955528	-0.08894984	0.06655398	-0.22204135	-0.12097333	-0.5016725	-0.37976003	-0.37024575	-0.20044494	0.17815115	0.26476	0.40942472	0.37618762	0.42915744	0.058467656	0.2046687	-0.17718762	-0.34696156	-0.14700632	-0.14985198	-0.20309414	-0.02628964	-0.074650854	0.087907	0.333922	0.22420213	-0.19058284	-0.13933209	-0.20944518	0.10383382	-0.028678946	-0.17125474	0.19314295	-0.2571437	0.06387885	-9.943003e-05	-0.17047872	0.3942795	0.5246221	0.3813442	0.1773395	-0.17303152	-0.072194695	-0.3941009	0.23272799	0.048562966	0.37752363	0.46312878	0.2179444	0.24919198	0.15817755	-0.26596397	0.25365523	0.021147339	0.17318246	-0.108936615	-0.22438374	0.12104245	-0.11500903	-0.29283562	-0.2107971	-0.32515112	-0.44710073	-0.396122	-0.04961286	-0.28039524	0.063442305	-0.22888769	0.0011894038	-0.5395435	-0.5248635	-0.27053258	-0.2947329	0.7431454	-0.24439836	0.18005435	0.470904	0.40552345	0.46720424	-0.119501874	0.058190946	0.2073283	0.3173678	0.16131715	-0.06457024	-0.0053822766	-0.07147523	-0.19580667	-0.3698196	0.19663185	0.21305774	0.043606035	-0.1696434	-0.1285658	-0.39535064	-0.3515122	-0.24231192	-0.1506476	-0.13343136	0.07223572	-0.37425694	0.6664186	0.26555225	0.33136788	-0.12206864	0.04460786	-0.27201682	0.17022352	-0.26349023	-0.19657762	-0.10039948	-0.28616986	-0.015981501	-0.28694677	-0.16855893	-0.26725578	-0.3771294	-0.34379733	-0.42391047	-0.30144215	-0.26206693	-0.33833483	-0.24405505	-0.1418787	-0.22112298	-0.1748232	-0.06730327	-0.21373236	-0.13389805	-0.10629753	-0.16598715	-0.14198658	0.0775329	-0.06447004	-0.21726467	0.19612344	-0.29049352	0.4623451	0.5340876	0.29588196	0.32758218	-0.13460636	-0.086902	-0.014024283	0.020236626	0.065573595	-0.3666479	-0.013944338	-0.3300139	-0.39570716	-0.54523695	0.050205078	0.008615109	-0.18538548	-0.04831982	0.07839731	-0.24103945	-0.29429892	-0.17663321	-0.048734237	-0.17238127	0.07368825	-0.37230846	0.64059454	0.2331964	0.20130648	-0.16361748	-0.21082799	-0.114168435	0.20624866	-0.2735263	-0.35589188	-0.20713204	-0.26045528	-0.019981978	-0.31684977	-0.34506014	-0.38946256	-0.42548734	-0.37386107	-0.46745616	-0.2634831	-0.40866876	-0.2834277	-0.17473584	-0.2213484	-0.15170519	-0.0748551	0.013490883	-0.15936945	-0.10836387	-0.26709086	-0.15654914	-0.13272747	-0.008646677	0.00693677	-0.0951943	0.2348163	0.17117439	-0.071146674	-0.2307238	-0.231567	-0.19739719	-0.24070442	-0.13635194	-0.1335311	-0.08960433	0.5270246	-0.039351977	0.2982893	0.3150776	0.62980205	-0.28324294	-0.27571818	-0.097126216	0.16834928	-0.02447384	0.10700499	0.31430238	-0.26503935	0.15947647	-0.0035739879	-0.053919744	0.34496862	-0.07081536	0.46258357	-0.23312688	-0.29549745	0.091081545	-0.22945811	-0.3234676	0.20847958	0.48868418	0.45683634	0.07439346	-0.0065537803	0.26878014	-0.01786603	0.52219296	0.2990495	0.53783345	0.14012754	0.20284757	0.4430263	0.12020004	-0.094040364	0.075653136	-0.08480255	-0.24844433	-0.24109836	0.0064499383	-0.33709416	0.5519792	-0.14942089	0.070253134	-0.28158656	-0.46726167	-0.20069247	-0.45907667	0.25527477	0.2233455	-0.104101144	-0.21771684	-0.16049069	-0.18915857	-0.16949344	0.07876872	-0.22032803	0.027293194	-0.23336694	-0.3371831	-0.25732216	-0.28472182	-0.33011636	-0.49175096	-0.056291286	-0.09323456	-0.17316003	-0.19511838	-0.18557306	0.039456584	-0.052333903	-0.08061456	-0.19990121	0.19662814	0.2545125	-0.21807377	-0.51592016	-0.3305964	-0.19250745	-0.03687358	-0.23232049	-0.2033346	-0.042317934	-0.27072847	-0.039826095	-0.16904211	-0.45045337	-0.18142009	-0.32473755	-0.17042166	-0.4389212	-0.27193496	-0.12355036	-0.17885154	-0.30763024	-0.25533804	-0.3222836	-0.13098639	-0.10618596	-0.19647188	-0.36739686	-0.007494328	-0.16828324	-0.027315378	-0.22415696	-0.21446581	-0.13669485	0.005272801	0.31114784	0.54848135	-0.17820463	-0.17673323	-0.030470707	0.1750078	0.18014552	-0.20867445	0.1641253	-0.08898713	-0.043345906	-0.15624858	-0.13089664	-0.040133484	-0.13009378	-0.10536742	-0.0131635545	-0.25713342	-0.18425126	-0.0457712	-0.10483873	-0.047933824	0.09247747	-0.19746165	0.5000088	0.5237097	0.16677852	-0.09063583	-0.0016890205	-0.2937635	0.18087341	-0.35434964	-0.10324563	-0.0637934	-0.060190476	0.025354017	-0.183658	-0.2666563	-0.20990212	-0.31206363	-0.29970446	-0.33518195	-0.3704871	-0.24797027	-0.27864838	-0.27364483	-0.24336345	-0.34654507	-0.3555724	-0.14831828	-0.2574218	-0.25517893	-0.113759845	-0.18503357	-0.120533824	-0.21665499	-0.20088081	-0.22780733	0.12308959	0.5640681	0.4321567	0.52738863	0.6715575	0.6134662	0.3468094	0.077730656	0.49759665	0.4711193	0.17420788	-0.120963395	0.31301048	0.4980184	0.2962108	-0.09609921	-0.075252645	-0.28707826	-0.5966708	-0.059170607	-0.08185625	-0.019084727	0.16721924	-0.42583537	0.38377708	0.0407386	0.38606718	-0.09732795	0.27100244	-0.48239526	0.16074257	-0.52212065	0.121489406	-0.20021334	-0.49000797	0.012541925	-0.3074525	0.020949943	-0.54025453	-0.34496832	-0.52626115	-0.35094872	-0.362505	-0.37720037	-0.5586266	-0.13900355	0.0047531705	-0.60335565	-0.4322709	-0.35115895	-0.5773777	-0.14508052	0.07915763	-0.16080941	-0.1202191	-0.23517409	0.044687998	-0.31493717	0.20201683	0.30105874	0.22610219	0.51179016	0.5182408	0.28714406	0.046257764	0.44837594	0.39065272	0.2535729	-0.07270922	0.37782577	0.5033142	0.34240443	0.0059488737	0.064799406	-0.2853573	-0.38807535	0.10493229	-0.2575476	-0.023951555	0.2333616	-0.3159189	0.5873687	0.17329618	0.5204858	0.2683672	0.37807962	-0.4232919	0.21601142	-0.44602358	0.1498217	-0.22550556	-0.107643984	0.08989251	-0.21111968	0.1671397	-0.36056072	-0.25046927	-0.4015236	-0.23860267	-0.2729346	-0.39856753	-0.5100855	-0.03821608	0.00021258507	-0.43632826	-0.435667	-0.15837349	-0.4722527	0.029001812	-0.037888728	-0.06713001	-0.10586136	-0.16379303	0.0074485117	-0.25566688	0.16747798	0.69793683	0.5654391	0.25724408	0.1475757	0.067634575	0.21461025	0.3591622	0.2611474	0.0002976625	0.4102527	0.55113167	0.40542224	0.040130597	0.03900794	0.066119745	-0.31323183	0.3054863	-0.0011881683	0.21397743	0.16803385	-0.056498956	0.0022991488	-0.38520858	0.27408496	0.29692304	0.2412834	-0.022322617	0.074733235	-0.17475502	0.10270871	-0.15938738	-0.20519316	0.054388765	-0.10588439	0.18968438	-0.36442924	0.062641755	-0.19690451	0.058480248	0.013557404	-0.23190941	-0.1416373	0.24776581	0.122772805	-0.14723137	-0.059048533	-0.07710399	-0.27666426	0.2431971	0.012852353	0.19223228	0.19408774	0.016085306	0.32630908	0.012629617	0.15758431	0.6894439	0.4788339	0.40406886	0.19872795	0.38544577	0.373405	0.17296706	-0.02361403	0.50372756	0.66633683	0.46882585	-0.049701527	-0.14931674	-0.16585559	-0.3650332	0.06426211	-0.046495818	0.19299479	0.14044961	-0.2894364	-0.001708324	-0.29237804	0.29685313	0.15761238	0.22735377	-0.18725659	0.053891983	-0.29182333	0.02822911	-0.13835678	-0.3428122	0.08816014	-0.107441895	0.24487494	-0.30868393	-0.11310022	-0.30612588	-0.1319151	-0.17349415	-0.16296124	-0.28451556	0.10202713	0.10674677	-0.28307778	-0.115766615	-0.14360732	-0.41767895	0.096278556	0.009851885	0.040898785	-0.023210796	0.17953521	0.27383888	-0.1636424	0.3074193	0.7479281	0.32435027	0.35490763	0.5207857	0.65937537	0.37689066	0.15435277	0.60474664	0.81676275	0.64670485	0.022804176	0.0006838767	-0.16240524	-0.38681322	-0.021766914	-0.18189315	0.025460593	0.19118933	-0.29284698	0.22896296	-0.12314724	0.43683273	0.05747111	0.43159154	-0.4393111	0.06446597	-0.38999793	0.26739082	-0.116353154	-0.3868292	0.09452142	-0.10679138	0.3205376	-0.315836	-0.092380494	-0.33340257	-0.044734128	-0.18310386	-0.21406198	-0.423435	0.042858817	0.1829589	-0.43741038	-0.42700535	-0.29064217	-0.4669449	0.0015626231	0.224376	-0.09673204	-0.19325279	-0.09970464	0.047007397	-0.26800364	0.13739204	0.36514652	0.37179327	0.54866666	0.54103345	0.29923707	0.09002386	0.4380893	0.6857301	0.6462353	-0.11594156	-0.1448188	-0.23770271	-0.35749623	-0.10573829	-0.19406454	-0.044424005	0.21115096	-0.31981918	0.21271285	0.083792135	0.38074088	0.011758108	0.55513775	-0.47154608	0.08334512	-0.42021927	0.20037588	-0.122416794	-0.34820724	0.03319078	-0.10688821	0.33809868	-0.24731039	-0.11967592	-0.30177608	-0.049217515	-0.2541276	-0.14613841	-0.37229297	0.035374273	0.26208356	-0.4166759	-0.44916737	-0.30208454	-0.48924536	-0.12787522	0.17828526	-0.13819294	-0.26963374	-0.11803899	-0.06987268	-0.33156708	0.114513464	0.20553002	0.3704841	0.20487787	-0.06362121	-0.112551644	0.09181555	0.19715375	0.092755154	-0.22501798	-0.019132938	-0.36672404	-0.5164034	0.066918135	-0.20456241	0.12801817	0.25434113	-0.4977658	0.11245181	-0.02942488	0.07062321	-0.039185043	0.27393225	-0.2824936	-0.10999232	-0.4190449	-0.0606801	-0.37514177	-0.32793167	-0.1735855	-0.3590807	0.13221629	-0.3261844	-0.2701806	-0.30609918	-0.24930617	-0.18861613	-0.39841455	-0.39835384	-0.11639403	0.015181028	-0.32154712	-0.21113954	0.043255027	-0.36858815	-0.12899907	0.11119917	0.01624149	-0.030910982	0.14726208	0.02944369	-0.10467145	0.25737342	0.19526526	0.59380543	0.3700379	0.5427532	0.056863327	0.19739617	0.32849756	0.043179706	-0.08111003	0.10597223	-0.0069208173	-0.23129708	0.08246768	0.019533893	0.15797132	0.040500578	-0.038797077	0.22574419	-0.010805827	-0.05738341	0.4650867	-0.2551464	-0.3148882	0.0003139439	0.50627995	0.18598549	-0.16919433	-0.075578526	0.052318178	0.26280692	0.33399728	0.26338947	0.32359496	0.1866792	0.24360737	0.36273006	0.023302732	0.065987825	0.28656703	-0.13581504	-0.2729746	-0.24235575	-0.17546591	-0.25936824	0.62223405	-0.01263744	0.07517003	-0.0425585	-0.26902154	-0.23919363	-0.30242944	0.43303072	0.248969	0.06458266	0.33076182	0.38473472	0.38543597	0.21255012	0.022126915	-0.119026475	-0.24915086	-0.02526202	-0.23114656	-0.14087164	0.08387431	-0.29830453	0.18991992	0.14474343	0.31980887	0.10759382	0.3805142	-0.43354845	0.22181974	-0.46350095	0.18814653	-0.069562234	-0.16934147	0.18010744	-0.042529937	0.36545774	-0.20478548	-0.19538042	-0.30639964	-0.13079332	-0.28257805	-0.2004114	-0.49111933	0.08851785	0.107169084	-0.4856709	-0.37182918	-0.20517398	-0.5513341	-0.03803261	0.06445566	-0.15630488	-0.29169625	-0.20527652	0.004765034	-0.29163992	0.12345319	0.6416917	0.6071237	0.30989277	0.48876455	0.49523708	0.19997326	0.036907185	-0.13231938	-0.13005142	-0.15810697	0.03155665	-0.085662946	0.08668216	-0.03971835	0.08782123	0.05323491	0.24984658	0.038560838	0.5444509	-0.5659535	-0.07733252	-0.14433034	0.7070627	0.15049426	-0.16306624	0.08248939	0.12130156	0.36793435	0.011058389	0.056647677	-0.010329035	0.019143213	0.061805494	-0.042233568	-0.42545515	-0.0742923	0.27993497	-0.4795973	-0.50643766	-0.49640295	-0.43905535	-0.10656694	0.5160673	-0.17964728	-0.16030015	-0.35837096	-0.2211986	-0.28907403	-0.1773927	0.593141	0.14735672	0.42011142	0.49714482	0.20376252	-0.050503366	-0.030980524	0.21116336	-0.10369832	-0.04373547	0.034164187	-0.1253538	0.35881722	0.20261146	0.13332017	0.53546137	0.21833271	0.47022346	-0.48472297	0.24911463	0.07523418	0.7872264	0.5464951	0.22586761	0.48570862	0.45039985	0.31794798	0.28349143	0.16282614	0.07543572	0.16969188	-0.061591282	0.24553621	-0.23678955	0.06997205	0.14937516	-0.2643145	-0.4947704	-0.5514259	-0.15993132	0.0750512	0.21938434	-0.16809498	-0.09148215	-0.43918172	-0.3240224	-0.34114897	-0.26047274	-0.04868756	0.048158027	0.22927076	0.21390179	-0.030479753	0.035604946	0.42588913	-0.2510272	0.15342644	-0.08036596	-0.18973255	0.40979707	-0.22840641	0.18639025	-0.11298552	-0.11313831	0.23410442	-0.33861217	-0.2643391	0.21117578	0.64562315	0.51457155	0.14103658	0.08659605	0.50715554	0.28591466	0.44513223	0.3185639	0.413843	0.27091128	0.104430094	0.3140832	0.016005013	-0.06342254	0.22918387	-0.10567649	-0.31954536	-0.4114472	-0.017936284	-0.16527723	0.42768067	-0.205127	-0.1226738	-0.35885245	-0.40022138	-0.24303648	-0.43059936	0.7333242	0.6372438	0.09395324	0.0049443585	-0.17130645	-0.17860211	-0.041887064	-0.35206974	-0.07390707	-0.10132499	-0.14543407	0.21673666	-0.3359554	0.42720485	0.27016756	0.25884232	-0.2805662	0.19692725	-0.17462362	0.09449208	-0.09012551	-0.048185438	0.2349322	0.057223257	0.42291352	-0.24950351	-0.052541487	-0.20298418	0.009031496	-0.110230766	-0.19235516	-0.31570673	0.20303121	0.23445126	-0.19718625	-0.17585713	-0.1205229	-0.3364817	0.3066349	-0.15169469	0.030058589	-0.24844158	0.027502488	0.19204028	-0.11146537	0.30209672	0.72624177	0.017139232	-0.09679368	-0.17675956	-0.23810713	-0.039222952	-0.2061996	-0.005968548	0.051491816	-0.18621534	0.29122388	-0.23787922	0.61388195	0.2933644	0.3674592	-0.38945028	0.20517208	-0.27636015	0.21440014	-0.06341022	-0.17778926	0.24842761	0.04943009	0.36465424	-0.29230294	-0.07430583	-0.28308493	-0.053897943	-0.19843814	-0.18396546	-0.3743401	0.14146571	0.16689809	-0.31125215	-0.3506658	-0.30670914	-0.409959	0.17737055	-0.051359557	-0.047915366	-0.207694	-0.0129286265	0.13332881	-0.2698948	0.26135185	0.015771914	-0.05362948	0.041694798	-0.07071716	-0.07459527	-0.34001896	-0.0054083364	-0.0008609248	-0.09183477	0.11361769	-0.07333951	0.45537093	0.22498137	0.6423745	-0.3574351	0.11501001	-0.2250072	0.32322884	0.10736045	-0.13445221	0.2419726	0.17955053	0.5291933	-0.0268567	0.14642434	-0.10529412	0.26453117	-0.08275489	0.07033077	-0.18663816	0.4892858	0.56833625	-0.09628508	-0.40266743	-0.2755067	-0.28995317	0.11633493	0.014350364	0.07631661	-0.16244105	-0.15358734	-0.08448507	-0.3598467	-0.032141525	0.46071973	0.09814283	0.35490537	-0.13323802	0.24991539	-0.14857456	-0.19352944	0.1331474	0.057660542	0.06321701	0.08705883	0.09376334	-0.017706955	-0.078332886	0.1391883	0.20336491	0.29553765	0.21240936	0.17007704	0.47048554	0.43898064	0.17103785	0.10607341	0.028384196	0.041384097	-0.031442277	0.13647057	-0.048922993	-0.19147824	-0.098741785	-0.1703603	-0.020027855	0.08082175	-0.095211275	-0.054048475	0.2635291	-0.012656512	-0.19454163	-0.17210637	-0.26676798	0.013862655	-0.014430846	-0.054339845	0.19929503	0.08875719	0.32219175	0.14362991	0.019883767	0.19314368	-0.1133366	0.01634831	-0.061862167	-0.1272396	0.15318906	-0.050697323	0.24546811	-0.21288973	0.042353604	-0.01775398	-0.29633972	0.058030285	-0.02805016	-0.0646812	0.17282994	-0.0763439	0.043291338	-0.08630571	0.10253351	0.28720668	-0.3435396	-0.04691009	0.07679849	-0.00441591	0.29415712	0.21197009	0.3039992	0.21252255	0.25725037	0.0024639221	0.003656414	0.055848416	-0.021087166	0.1620936	0.24762319	-0.07836727	0.16682082	0.2756536	0.15447599	0.19314434	0.21519333	0.21225788	-0.3423537	0.023426484	-0.25824544	-0.051932454	-0.032577567	0.49716204	-0.13706468	0.1985146	0.023579575	-0.0017505873	-0.10547924	-0.12612902	-0.0217327	-0.17290325	0.24749702	0.37224087	0.25878114	0.46026203	0.45429203	0.4052627	0.538825	0.5612994	0.2764465	0.41551548	0.19453098	0.18843354	0.281022	-0.1249818	0.18820938	0.4826079	0.4530373	0.069202535	0.11766801	0.12932436	-0.30381727	-0.12920263	0.22736427	0.019644108	-0.38339537	0.64033306	-0.22809134	0.12208751	-0.10856921	0.084938236	-0.13741656	0.16961274	-0.001600186	0.5667996	0.1922094	0.5419417	0.5721273	0.36062542	0.6978665	0.1682365	0.5968406	0.38518077	0.5607921	0.3328655	0.14251399	0.4141467	0.425427	-0.011245694	-0.07163976	0.45106864	0.20054555	-0.07649471	0.5238197	0.14986761	-0.14197004	-0.15978467	-0.18481831	-0.14917547	-0.20779906	0.05591117	-0.33106387	-0.16633834	0.504011	0.3588118	-0.03947459	-0.21385643	-0.23832907	-0.049862687	0.37520242	-0.04115661	0.5639794	-0.05537673	0.12184642	-0.22004156	-0.40250292	0.14333424	-0.17364596	-0.3131758	0.06367721	-0.11097144	0.08811904	-0.0831685	0.2545983	0.3078257	-0.17379676	0.22994368	0.2937914	0.009630538	0.35198694	0.41632524	0.6420147	0.3013154	0.3651917	-0.042196095	0.23323113	0.30264023	0.3503536	0.48360816	0.5137294	0.1142855	0.013695395	0.17023388	0.16149382	-0.16349818	0.035838883	-0.20389983	0.017761674	-0.26271686	0.2458031	-0.15250093	0.1595081	0.035428267	0.0024918946	-0.037812315	-0.19913302	0.046092883	-0.19134986	0.027016325	0.16627294	0.24016489	-0.10831077	0.2518536	0.015641531	0.15199995	-0.26364926	-0.26748952	0.11218466	0.24436697	-0.19992569	0.14096436	-0.11122853	0.16618712	0.015770452	0.23963764	-0.061206188	0.0666458	0.08261531	-0.17625754	0.35439482	0.13364531	-0.09744321	-0.06325382	-0.02970093	0.042628393	0.16026615	0.28410897	0.021538861	0.12388974	-0.0035708598	-0.053702813	-0.036332257	0.016162394	-0.16435921	-0.21436532	0.11418453	0.23011301	0.09731453	0.23144986	0.19021843	0.19381188	0.28932092	0.1891816	0.10449508	0.17288853	0.11753978	0.19197759	0.20459326	0.02629184	0.035844974	0.33795652	0.45838034	0.12878801	-0.030719068	0.09050576	-0.14678825	-0.31342876	0.057950854	0.111225404	0.02429757	0.04203753	0.1914276	0.16550784	-0.018037317	-0.2784189	-0.0620268	-0.42163643	-0.36253172	-0.38150838	-0.6323242	-0.22918753	-0.1546034	0.06945917	-0.12221536	0.032034405	0.22952102	-0.14425692	0.012777229	0.090483546	0.10484135	-0.037295446	-0.07005059	0.17333914	-0.077575564	-0.24957718	0.380983	0.3815579	0.40247592	0.1273888	0.08057133	0.06189458	-0.069532946	-0.17509773	-0.0650484	-0.034376137	0.095863126	-0.11351095	0.14197272	0.12611766	0.6279991	0.3775971	0.6299502	0.5471051	0.306067	0.5188489	0.017062547	0.5621124	0.52691203	0.64431727	0.51364744	0.19778937	0.5168575	0.50816756	-0.052616443	-0.1053512	0.23416498	0.071727425	-0.13800396	0.44371977	0.04991498	0.061261408	-0.097848214	0.004510745	-0.21813792	-0.1901377	0.17632408	-0.32438347	0.3422157	0.63969266	0.090736516	0.12041163	-0.44615048	0.47571605	-0.28574595	0.1452148	0.13295431	-0.041474685	0.30843383	-0.14298399	-0.15008382	-0.15839563	-0.34268448	-0.2873987	-0.42488882	-0.33171543	-0.20482834	-0.4859128	-0.19396888	-0.19829269	-0.3909861	-0.43652806	-0.2542643	-0.30959338	-0.04677689	-0.12907685	-0.17689003	-0.097149976	-0.25645447	-0.20054139	-0.33813724	0.093278125	0.03951245	-0.3144675	0.15750857	-0.26674908	0.017714089	-0.1506818	0.18197238	0.3253055	-0.07223784	0.09447318	0.018398203	-0.17606698	0.3219937	-0.1447225	0.002688115	-0.19848053	-0.1395362	0.23852867	-0.09163189	-0.11781026	-0.060617927	-0.17156461	-0.33257028	-0.18863414	-0.11136982	-0.39390832	0.2539215	-0.15687913	-0.02887357	-0.31030184	-0.4325291	-0.40234149	-0.3455099	0.41368154	0.2879182	-0.38298738	0.6666629	-0.095815584	0.35458565	0.2190961	0.17103575	0.5430388	0.09992891	0.20512913	-0.117948025	-0.22069243	-0.3057765	-0.2001382	-0.25425488	-0.07963112	-0.47236365	0.01355258	-0.1290942	-0.28750652	-0.3426529	-0.32633495	-0.22710003	0.3134677	-0.1722289	-0.1547255	-0.21041882	-0.2053274	-0.003305519	-0.2207115	0.21035533	0.12904087	0.22047089	0.18968174	0.11391463	0.005724329	-0.15486182	0.47195294	0.15053855	0.09542019	0.46035817	-0.03798045	0.14999957	0.13792154	0.16629902	0.26724884	-0.10100273	0.020892847	0.17573735	-0.048714478	0.2514843	0.2659761	0.15834676	0.11941786	0.6064008	-0.22249866	-0.0029621974	-0.0058510196	0.21809001	0.40574026	0.3203569	0.25066325	-0.3875512	0.027174085	-0.20939822	0.4501384	0.059330374	-0.15309407	0.156194	0.07160065	0.41338426	0.038225114	0.11301075	-0.049596936	0.19886711	0.07561065	0.07317632	-0.18744291	0.31759548	0.57318676	-0.1734444	-0.4160503	-0.32937154	-0.31857562	-0.05557683	0.28240055	0.116327174	-0.0020523055	-0.25156972	-0.3153555	-0.31378025	-0.1985227	-0.18636909	0.4222053	-0.46972147	-0.31410778	0.19855024	-0.30981016	-0.18411268	-0.11218621	0.114149995	0.25873303	0.2235161	0.32892874	0.50791776	0.11404674	0.6464355	0.26888508	-0.0852536	0.74025375	0.79767704	0.69863135	0.6409011	0.28753707	-0.12788935	0.31009272	0.36782217	0.5331927	0.51715434	0.6583677	0.039186124	0.013407267	0.17799494	0.30431458	0.24704552	0.5665541	0.048632465	-0.113823764	-0.025088327	-0.23416011	-0.29628018	-0.1520319	-0.3148445	0.028896414	-0.27967608	-0.06416035	-0.23923397	-0.26248872	-0.2029549	-0.19715282	-0.072730675	0.19912449	-0.27948394	-0.05350576	-0.1619767	-0.23278862	-0.016223375	-0.069148004	0.20567621	0.27243742	0.4062712	0.6100027	0.21474649	0.39092648	0.0739027	0.57767844	0.24475822	0.53159547	0.3242069	0.54417723	0.43636304	0.42004308	-0.10351285	-0.13018803	0.4659695	0.46993405	0.20088342	0.6721874	0.3200676	0.13408689	-0.15886956	-0.088144444	0.14889404	0.07275212	0.56920266	-0.051497426	0.5587809	0.20869313	0.3812827	0.36739397	0.22769862	0.40724042	0.1727639	0.2112572	0.15811743	0.19410598	0.33490628	-0.234131	-0.05428918	0.18158866	-0.32299602	-0.46601656	-0.55306345	-0.14071654	-0.07544436	0.49265355	-0.18348685	-0.12148085	-0.50354576	-0.42475584	-0.18286705	-0.32655987	0.35520798	0.5839051	0.6147632	-0.0025013566	0.6153412	0.10500905	0.34873733	0.100902975	-0.11582942	0.57919127	0.04316676	-0.13228795	-0.04235934	-0.117849536	-0.29557067	-0.42941096	0.122432925	-0.08087322	0.08697243	-0.30684122	-0.21484941	-0.38046804	-0.4312725	-0.2617193	-0.28735018	0.33594656	0.41278276	0.32279247	0.4935645	0.13227251	0.3636578	0.1979297	0.20398296	0.2400844	0.17377764	-0.10296999	-0.2292994	0.32106602	0.27273598	0.13734692	0.50865185	0.47246215	-0.1743835	-0.26055863	-0.26267186	4.0894945e-05	0.050874162	0.4331687	0.056570504	0.6277227	0.14145787	0.2108812	-0.15346828	-0.08726055	-0.07369599	-0.2195792	0.21928911	-0.23656231	-0.052540816	-0.17837305	-0.16335543	-0.211254	-0.29534212	-0.073499076	0.32561353	-0.26760492	-0.24611878	-0.28018624	-0.2948838	-0.17007628	-0.19381726	0.10651825	0.2935733	0.3567713	0.14540362	0.31052265	0.1461858	-0.04773136	0.3111307	0.058282897	-0.00819536	-0.0038664977	0.103660315	-0.058936663	-0.35057592	0.086655915	0.2328818	-0.1918305	-0.2982609	-0.31041053	-0.29593506	-0.24620545	-0.14549135	-0.112496	0.11681313	0.19056797	0.103532396	0.3317141	0.124187976	-0.06215613	-0.087999865	0.21543488	0.25886068	0.19995044	0.076436974	0.017660284	0.043599684	0.43154812	-0.00830482	-0.24601282	-0.38870996	0.009866088	0.1520201	0.111524835	0.037982933	0.39650548	0.6059346	0.42289367	0.35726622	0.7254742	0.41233078	0.012040843	0.06690897	0.27984577	0.022774572	-0.010899399	0.478397	-0.13255215	0.33534226	-0.049924634	0.006216449	-0.058626413	-0.36546972	0.10154382	-0.40210843	0.66503245	0.802759	0.41322204	0.41402778	0.65470374	0.28240404	0.24630639	0.39339316	0.110191524	-0.023897307	0.35772118	-0.125752	0.231678	0.2943197	0.3006658	-0.08834189	-0.17235012	0.08503462	-0.5251958	0.5420543	0.49244988	0.54677314	0.61489296	0.0060104486	0.09327591	0.3428298	0.1576543	-0.004205821	0.4448068	-0.10115843	0.2941328	-0.027357452	0.06279666	-0.023826284	-0.19646074	0.23155494	-0.37340295	0.41647542	0.4018132	0.6778986	0.44418377	0.3482422	0.49825585	0.1643413	0.15038392	0.46520504	0.033214953	0.18391834	0.24654417	0.16292343	0.0030000824	-0.056196846	0.23529433	-0.4071409	0.28340435	0.40103784	0.16010424	0.2206361	0.4585364	0.42248234	0.2587074	0.42259184	0.13796948	0.49641046	0.20259577	0.2564112	0.22497647	0.13995758	0.6003624	-0.11126544	0.494914	0.16167742	0.1769041	0.18582599	-0.025783455	-0.13398956	0.30030409	-0.19965674	0.29433098	0.124150366	0.15216899	-0.023946784	-0.3209841	-0.036208086	-0.34927535	0.2821813	0.07484501	0.6688388	0.4614196	0.32862678	0.6176346	-0.06642602	0.03634477	0.30417445	0.31746468	0.26265806	0.077245764	0.33161992	-0.32916236	0.6154323	0.39666313	0.069077946	0.18388669	0.060192842	0.13582441	-0.17789495	0.49526423	0.35308206	0.10405614	0.12252894	-0.102523625	-0.18388578	0.11166014	-0.20669137	-0.08523767	-0.115929075	-0.15055974	0.16611941	0.30250406	0.13894768	-0.05551932	-0.21241665	-0.18908381	-0.25109172	0.7069532	0.54006624	0.7547019	0.35258707	-0.19627105	0.21471663	0.19482502	0.39329255	0.27156684	0.44901654	-0.15624322	0.6393569	0.5633236	0.48572043	-0.22049065	0.061990883	0.11468684	0.57890755	0.5912695	0.6550057	0.15400907	0.44401392	0.34214297	-0.16296303	0.11288148	0.16363256	0.62261695	0.5505444	0.5786954	0.2135475	0.23960046	-0.038605034	0.0072927717	0.06827184	0.23937449	0.11684113	0.56720036	-0.16115339	-0.41523054	-0.19065869	-0.19389607	0.2391182	0.49063924	0.41695705	0.31437233	0.031216566	0.11448253	-0.09098908	-0.265268	0.09509585	-0.25855815	0.74901867	0.11981221	-0.022517798	-0.107525565	-0.23354861	0.11204674	-0.022776885	-0.06698448	-0.32061076	0.6458306	0.42704722	0.48287863	0.505709	0.57323724	0.3269513
